33,0.58,0.61,0.47,0.13,0.50,0.00,0.48,0.22,0
34,0.43,0.67,0.48,0.27,0.50,0.00,0.53,0.22,0
35,0.64,0.62,0.49,0.15,0.50,0.00,0.53,0.22,0
3,0.58,0.44,0.57,0.13,0.50,0.00,0.54,0.22,0
5,0.42,0.44,0.48,0.54,0.50,0.00,0.48,0.22,0
4,0.51,0.40,0.56,0.17,0.50,0.50,0.49,0.22,1
6,0.50,0.54,0.48,0.65,0.50,0.00,0.53,0.22,0
101,0.48,0.45,0.59,0.20,0.50,0.00,0.58,0.34,0
7,0.55,0.50,0.66,0.36,0.50,0.00,0.49,0.22,0
8,0.40,0.39,0.60,0.15,0.50,0.00,0.58,0.30,1
9,0.43,0.39,0.54,0.21,0.50,0.00,0.53,0.27,0
10,0.42,0.37,0.59,0.20,0.50,0.00,0.52,0.29,0
12,0.40,0.42,0.57,0.35,0.50,0.00,0.53,0.25,1
14,0.60,0.40,0.52,0.46,0.50,0.00,0.53,0.22,0
17,0.66,0.55,0.45,0.19,0.50,0.00,0.46,0.22,0
21,0.46,0.44,0.52,0.11,0.50,0.00,0.50,0.22,1
18,0.47,0.39,0.50,0.11,0.50,0.00,0.49,0.40,1
19,0.58,0.47,0.54,0.11,0.50,0.00,0.51,0.26,0
20,0.50,0.34,0.55,0.21,0.50,0.00,0.49,0.22,0
22,0.61,0.60,0.55,0.21,0.50,0.00,0.50,0.25,0
116,0.45,0.40,0.50,0.16,0.50,0.00,0.50,0.22,1
820,0.43,0.44,0.48,0.22,0.50,0.00,0.51,0.22,1
819,0.73,0.63,0.42,0.30,0.50,0.00,0.49,0.22,1
26,0.43,0.53,0.52,0.13,0.50,0.00,0.55,0.22,1
27,0.46,0.53,0.52,0.15,0.50,0.00,0.58,0.22,1
28,0.51,0.51,0.52,0.51,0.50,0.00,0.54,0.22,0
29,0.59,0.45,0.53,0.19,0.50,0.00,0.59,0.27,1
502,0.57,0.47,0.60,0.18,0.50,0.00,0.51,0.22,1
503,0.63,0.67,0.57,0.24,0.50,0.00,0.49,0.22,0
30,0.80,0.88,0.36,0.39,0.50,0.00,0.56,0.33,0
31,0.53,0.54,0.43,0.10,0.50,0.00,0.57,0.32,0
36,0.51,0.51,0.43,0.87,0.50,0.00,0.52,0.22,0
37,0.38,0.61,0.61,0.12,0.50,0.00,0.53,0.47,1
882,0.33,0.55,0.51,0.43,0.50,0.00,0.51,0.22,0
38,0.78,0.74,0.42,0.26,0.50,0.00,0.43,0.22,0
39,0.74,0.67,0.47,0.34,0.50,0.00,0.42,0.22,0
1447,0.72,0.61,0.45,0.30,0.50,0.00,0.54,0.25,0
1182,0.40,0.45,0.57,0.18,0.50,0.00,0.56,0.26,1
260,0.59,0.53,0.43,0.44,0.50,0.00,0.50,0.22,0
261,0.57,0.53,0.53,0.34,0.50,0.00,0.53,0.22,0
42,0.86,0.68,0.39,0.24,0.50,0.00,0.54,0.22,0
43,0.86,0.74,0.51,0.40,0.50,0.00,0.55,0.22,0
397,0.79,0.57,0.41,0.28,0.50,0.00,0.59,0.22,0
44,0.41,0.54,0.39,0.20,0.50,0.00,0.51,0.22,0
567,0.37,0.36,0.56,0.18,0.50,0.00,0.48,0.26,0
50,0.53,0.31,0.58,0.39,0.50,0.00,0.47,0.37,0
51,0.74,0.75,0.58,0.47,0.50,0.00,0.40,0.35,0
55,0.49,0.39,0.52,0.29,0.50,0.00,0.48,0.22,0
56,0.74,0.57,0.51,0.28,0.50,0.00,0.58,0.22,0
45,0.42,0.24,0.34,0.16,0.50,0.00,0.50,0.22,0
25,0.48,0.39,0.51,0.21,0.50,0.00,0.52,0.28,1
1386,0.41,0.53,0.45,0.14,0.50,0.00,0.52,0.66,0
57,0.45,0.46,0.55,0.43,0.50,0.00,0.55,0.38,0
59,0.56,0.48,0.58,0.27,0.50,0.00,0.51,0.22,1
60,0.64,0.59,0.56,0.23,0.50,0.00,0.46,0.22,1
61,0.64,0.56,0.56,0.22,0.50,0.00,0.45,0.22,1
73,0.66,0.62,0.49,0.10,0.50,0.00,0.49,0.22,1
702,0.53,0.44,0.51,0.33,0.50,0.00,0.55,0.22,1
67,0.38,0.49,0.53,0.19,0.50,0.00,0.50,0.22,1
58,0.45,0.58,0.48,0.67,0.50,0.00,0.52,0.22,0
65,0.43,0.35,0.52,0.52,0.50,0.00,0.54,0.22,0
62,0.37,0.32,0.47,0.18,0.50,0.00,0.45,0.25,0
63,0.48,0.43,0.51,0.32,0.50,0.00,0.52,0.43,0
64,0.41,0.46,0.59,0.19,0.50,0.00,0.58,0.27,0
68,0.54,0.48,0.44,0.08,0.50,0.00,0.52,0.27,1
69,0.60,0.47,0.45,0.22,0.50,0.00,0.51,0.29,1
70,0.34,0.46,0.57,0.09,0.50,0.00,0.55,0.22,1
71,0.48,0.54,0.55,0.12,0.50,0.00,0.51,0.22,1
183,0.47,0.39,0.59,0.15,0.50,0.00,0.57,0.22,1
72,0.81,0.85,0.47,0.37,0.50,0.00,0.56,0.22,0
74,0.48,0.42,0.52,0.24,0.50,0.00,0.56,0.22,1
79,0.58,0.51,0.49,0.27,0.50,0.00,0.57,0.29,1
82,0.60,0.50,0.44,0.61,0.50,0.00,0.47,0.22,0
89,0.45,0.55,0.54,0.66,0.50,0.00,0.47,0.22,0
98,0.46,0.49,0.58,0.23,0.50,0.00,0.44,0.22,0
95,0.49,0.42,0.56,0.55,0.50,0.00,0.42,0.25,0
96,0.63,0.53,0.54,0.40,0.50,0.00,0.50,0.22,0
97,0.50,0.54,0.53,0.54,0.50,0.00,0.51,0.27,0
92,0.63,0.57,0.59,0.40,0.50,0.00,0.38,0.22,0
90,0.43,0.57,0.51,0.49,0.50,0.00,0.48,0.22,0
93,0.48,0.45,0.55,0.50,0.50,0.00,0.53,0.22,0
91,0.50,0.58,0.46,0.46,0.50,0.00,0.46,0.22,0
94,0.51,0.54,0.60,0.57,0.50,0.00,0.58,0.22,0
86,0.54,0.52,0.63,0.37,0.50,0.00,0.46,0.22,0
87,0.67,0.62,0.40,0.43,0.50,0.83,0.50,0.22,0
99,0.28,0.58,0.21,0.13,0.50,0.00,0.51,0.22,0
1352,0.39,0.44,0.35,0.16,0.50,0.00,0.55,0.22,0
102,0.80,0.63,0.45,0.29,0.50,0.00,0.51,0.22,0
103,0.50,0.52,0.59,0.30,0.50,0.00,0.51,0.35,0
104,0.42,0.47,0.52,0.41,0.50,0.00,0.53,0.32,1
105,0.36,0.46,0.62,0.46,0.50,0.00,0.51,0.33,1
106,0.46,0.38,0.47,0.22,0.50,0.00,0.52,0.27,0
507,0.40,0.45,0.56,0.20,0.50,0.00,0.45,0.22,1
107,0.33,0.43,0.64,0.16,0.50,0.00,0.52,0.52,0
108,0.49,0.61,0.49,0.25,0.50,0.00,0.50,0.28,1
109,0.38,0.50,0.37,0.26,0.50,0.00,0.43,0.22,0
110,0.69,0.70,0.52,0.36,0.50,0.00,0.46,0.22,0
229,0.61,0.72,0.39,0.33,0.50,0.00,0.58,0.22,0
1445,0.78,0.75,0.40,0.28,0.50,0.00,0.53,0.22,0
111,0.64,0.57,0.57,0.27,0.50,0.00,0.37,0.22,1
113,0.36,0.58,0.35,0.24,0.50,0.00,0.44,0.22,0
114,0.36,0.43,0.39,0.12,0.50,0.00,0.49,0.22,0
115,0.47,0.52,0.50,0.40,0.50,0.00,0.41,0.22,1
120,0.48,0.23,0.57,0.27,0.50,0.00,0.48,0.47,0
127,0.47,0.39,0.55,0.24,0.50,0.00,0.47,0.22,1
125,0.44,0.59,0.36,0.16,0.50,0.00,0.52,0.22,0
128,0.42,0.35,0.54,0.18,0.50,0.00,0.56,0.22,1
129,0.30,0.56,0.55,0.18,0.50,0.00,0.50,0.22,1
66,0.65,0.65,0.52,0.16,0.50,0.00,0.60,0.22,1
687,0.27,0.60,0.48,0.23,0.50,0.00,0.55,0.22,1
119,0.45,0.41,0.50,0.46,0.50,0.50,0.50,0.27,0
134,0.44,0.52,0.41,0.23,0.50,0.00,0.51,0.22,0
140,0.30,0.32,0.57,0.19,0.50,0.00,0.48,0.55,0
138,0.40,0.44,0.49,0.47,0.50,0.00,0.49,0.27,0
141,0.45,0.51,0.50,0.16,0.50,0.00,0.52,1.00,0
142,0.45,0.45,0.50,0.60,0.50,0.00,0.49,0.22,0
143,0.59,0.67,0.56,0.41,0.50,0.00,0.47,0.22,0
144,0.47,0.47,0.57,0.48,0.50,0.00,0.48,0.22,0
145,0.35,0.52,0.48,0.22,0.50,0.00,0.26,0.22,0
146,0.47,0.41,0.66,0.26,0.50,0.00,0.53,0.22,0
658,0.64,0.62,0.29,0.28,0.50,0.00,0.51,0.22,0
149,0.55,0.53,0.55,0.46,0.50,0.00,0.52,0.22,0
150,0.67,0.62,0.54,0.43,0.50,0.00,0.53,0.22,0
1238,0.59,0.60,0.49,0.43,0.50,0.00,0.53,0.31,0
100,0.54,0.55,0.34,0.31,0.50,0.00,0.54,0.22,0
168,0.58,0.62,0.54,0.17,0.50,0.00,0.48,0.22,0
170,0.40,0.38,0.53,0.16,0.50,0.00,0.52,0.27,0
171,0.46,0.71,0.48,0.53,0.50,0.00,0.53,0.22,0
172,0.53,0.51,0.55,0.05,0.50,0.00,0.45,0.25,0
224,0.41,0.40,0.59,0.47,0.50,0.00,0.48,0.43,1
151,0.50,0.64,0.57,0.15,0.50,0.00,0.47,0.22,1
152,0.40,0.62,0.52,0.31,0.50,0.00,0.49,0.31,1
153,0.60,0.50,0.57,0.25,0.50,0.00,0.41,0.26,1
154,0.62,0.51,0.52,0.42,0.50,0.00,0.54,0.27,0
155,0.35,0.58,0.54,0.16,0.50,0.00,0.51,0.22,0
156,0.34,0.54,0.50,0.21,0.50,0.00,0.54,0.31,1
157,0.39,0.58,0.50,0.26,0.50,0.00,0.54,0.59,0
158,0.48,0.54,0.50,0.17,0.50,0.00,0.53,0.22,0
173,0.29,0.32,0.58,0.15,0.50,0.00,0.50,0.30,1
159,0.47,0.32,0.64,0.30,0.50,0.00,0.63,0.22,0
472,0.39,0.47,0.56,0.16,0.50,0.00,0.47,0.22,1
1274,0.58,0.48,0.51,0.47,0.50,0.00,0.55,0.22,0
675,0.64,0.60,0.57,0.19,0.50,0.00,0.43,0.22,0
674,0.37,0.46,0.40,0.27,0.50,0.00,0.45,0.22,0
164,0.43,0.57,0.53,0.16,0.50,0.00,0.54,0.22,1
160,0.28,0.37,0.61,0.09,0.50,0.00,0.52,0.55,0
161,0.59,0.48,0.50,0.14,0.50,0.00,0.45,0.25,1
121,0.39,0.55,0.48,0.31,0.50,0.00,0.54,0.29,1
890,0.26,0.36,0.47,0.34,0.50,0.00,0.53,0.72,0
162,0.51,0.34,0.50,0.19,0.50,0.00,0.50,0.22,0
1340,0.58,0.50,0.50,0.12,0.50,0.00,0.48,0.25,0
163,0.44,0.39,0.53,0.14,0.50,0.00,0.54,0.44,1
166,0.41,0.39,0.44,0.34,0.50,0.00,0.48,0.40,0
1194,0.45,0.43,0.51,0.24,0.50,0.00,0.54,0.33,1
165,0.36,0.68,0.46,0.16,0.50,0.00,0.53,0.28,0
167,0.42,0.31,0.50,0.15,0.50,0.00,0.53,0.22,0
535,0.42,0.43,0.56,0.10,0.50,0.00,0.49,0.22,1
271,0.67,0.71,0.52,0.65,0.50,0.00,0.53,0.36,0
577,0.49,0.47,0.53,0.16,0.50,0.00,0.48,0.27,0
174,0.71,0.59,0.48,0.43,0.50,0.00,0.59,0.22,0
936,0.40,0.42,0.71,0.21,0.50,0.00,0.54,0.32,1
194,0.54,0.49,0.49,0.20,0.50,0.00,0.52,0.22,1
181,0.42,0.51,0.50,0.12,0.50,0.00,0.52,0.46,0
182,0.57,0.51,0.53,0.18,0.50,0.00,0.56,0.25,0
803,0.35,0.45,0.43,0.11,0.50,0.00,0.56,0.22,0
721,0.42,0.42,0.42,0.20,0.50,0.00,0.49,0.22,0
184,0.26,0.50,0.33,0.28,0.50,0.00,0.51,0.22,0
185,0.39,0.42,0.38,0.40,0.50,0.00,0.49,0.47,0
186,0.26,0.44,0.30,0.11,0.50,0.00,0.51,0.47,0
187,0.31,0.44,0.53,0.23,0.50,0.00,0.51,0.32,0
188,0.48,0.61,0.44,0.20,0.50,0.00,0.47,0.22,1
189,0.66,0.45,0.50,0.23,0.50,0.00,0.49,0.22,1
190,0.21,0.41,0.55,0.11,0.50,0.00,0.50,0.27,1
191,0.38,0.68,0.44,0.45,0.50,0.00,0.53,0.22,0
192,0.44,0.38,0.48,0.32,0.50,0.83,0.53,0.22,0
510,0.31,0.31,0.56,0.33,0.50,0.00,0.52,0.33,0
511,0.49,0.31,0.49,0.35,0.50,0.00,0.51,0.29,0
512,0.38,0.37,0.56,0.21,0.50,0.00,0.49,0.22,0
521,0.39,0.40,0.53,0.67,0.50,0.00,0.47,0.22,1
193,0.24,0.34,0.69,0.18,0.50,0.00,0.52,0.22,1
175,0.49,0.43,0.51,0.13,0.50,0.00,0.47,0.22,1
176,0.54,0.38,0.52,0.18,0.50,0.00,0.48,0.22,1
177,0.43,0.57,0.53,0.53,0.50,0.00,0.53,0.25,1
123,0.48,0.64,0.61,0.23,0.50,0.00,0.60,0.22,1
513,0.31,0.55,0.52,0.17,0.50,0.00,0.52,0.22,1
514,0.32,0.57,0.50,0.15,0.50,0.00,0.53,0.22,1
704,0.32,0.42,0.52,0.24,0.50,0.00,0.60,0.22,1
705,0.59,0.50,0.52,0.28,0.50,0.00,0.55,0.25,1
122,0.37,0.42,0.51,0.11,0.50,0.00,0.57,0.22,1
124,0.75,0.70,0.38,0.27,0.50,0.00,0.49,0.22,0
230,0.61,0.72,0.31,0.33,0.50,0.00,0.56,0.22,0
198,0.44,0.42,0.60,0.21,0.50,0.00,0.57,0.22,1
199,0.52,0.51,0.51,0.54,0.50,0.00,0.55,0.27,0
200,0.63,0.56,0.45,0.58,0.50,0.00,0.51,0.22,0
201,0.52,0.56,0.54,0.53,0.50,0.00,0.45,0.22,0
1285,0.58,0.58,0.58,0.49,0.50,0.00,0.49,0.26,0
202,0.72,0.62,0.34,0.29,0.50,0.00,0.56,0.28,0
203,0.72,0.61,0.37,0.30,0.50,0.00,0.57,0.22,0
215,0.46,0.43,0.38,0.33,0.50,0.00,0.48,0.28,0
216,0.57,0.57,0.44,0.37,0.50,0.00,0.52,0.25,0
214,0.42,0.31,0.62,0.12,0.50,0.00,0.40,0.22,0
213,0.49,0.46,0.45,0.45,0.50,0.00,0.52,0.22,0
1380,0.42,0.58,0.41,0.65,0.50,0.00,0.46,0.26,0
204,0.59,0.61,0.34,0.22,0.50,0.00,0.51,0.22,0
205,0.52,0.77,0.38,0.34,0.50,0.00,0.51,0.22,0
206,0.50,0.52,0.60,0.51,0.50,0.00,0.48,0.22,0
211,0.49,0.60,0.43,0.56,0.50,0.00,0.36,0.22,0
212,0.50,0.41,0.44,0.50,0.50,0.00,0.42,0.22,0
207,0.50,0.40,0.56,0.70,0.50,0.00,0.50,0.22,0
208,0.37,0.58,0.44,0.51,0.50,0.00,0.44,0.22,0
209,0.55,0.45,0.45,0.54,0.50,0.00,0.50,0.22,0
210,0.67,0.68,0.46,0.29,0.50,0.00,0.46,0.22,0
131,0.53,0.51,0.46,0.28,0.50,0.00,0.48,0.22,1
132,0.35,0.66,0.49,0.21,0.50,0.00,0.54,0.25,1
238,0.52,0.40,0.60,0.12,0.50,0.00,0.55,0.22,1
235,0.77,0.79,0.58,0.23,0.50,0.00,0.48,0.22,0
236,0.47,0.46,0.59,0.49,0.50,0.00,0.56,0.22,0
239,0.73,0.83,0.43,0.30,0.50,0.00,0.55,0.22,0
237,0.78,0.74,0.58,0.25,1.00,0.00,0.53,0.22,0
147,0.70,0.65,0.54,0.28,0.50,0.00,0.60,0.40,0
218,0.47,0.54,0.37,0.14,0.50,0.00,0.50,0.22,0
219,0.56,0.52,0.48,0.17,0.50,0.00,0.46,0.22,0
833,0.57,0.41,0.59,0.24,0.50,0.00,0.40,0.22,1
834,0.56,0.41,0.58,0.21,0.50,0.00,0.42,0.22,1
220,0.58,0.56,0.45,0.12,0.50,0.00,0.51,0.22,0
221,0.53,0.38,0.66,0.25,0.50,0.00,0.43,0.22,0
1433,0.34,0.36,0.54,0.11,0.50,0.00,0.36,0.21,0
222,0.69,0.61,0.38,0.27,0.50,0.00,0.52,0.22,0
135,0.37,0.53,0.60,0.19,0.50,0.50,0.42,0.22,0
139,0.41,0.45,0.53,0.17,0.50,0.00,0.51,0.25,0
223,0.31,0.46,0.54,0.52,0.50,0.00,0.50,0.34,0
225,0.36,0.37,0.33,0.14,0.50,0.00,0.57,0.31,0
179,0.82,0.78,0.49,0.23,0.50,0.00,0.46,0.22,0
180,0.82,0.75,0.54,0.23,0.50,0.00,0.46,0.22,0
136,0.41,0.51,0.58,0.15,0.50,0.00,0.45,0.27,1
641,0.38,0.51,0.75,0.17,0.50,0.00,0.55,0.22,1
228,0.53,0.44,0.51,0.33,0.50,0.00,0.52,0.22,0
231,0.46,0.54,0.71,0.15,0.50,0.00,0.59,0.22,0
232,0.40,0.56,0.48,0.14,0.50,0.00,0.47,0.22,0
169,0.53,0.53,0.60,0.13,0.50,0.00,0.49,0.22,0
233,0.42,0.57,0.72,0.22,0.50,0.00,0.57,0.22,0
914,0.45,0.27,0.57,0.36,0.50,0.00,0.52,0.18,1
227,0.20,0.26,0.52,0.14,0.50,0.00,0.53,0.44,1
240,0.51,0.53,0.55,0.14,0.50,0.00,0.51,0.22,1
226,0.44,0.68,0.45,0.51,0.50,0.00,0.52,0.41,0
241,0.27,0.39,0.66,0.11,0.50,0.00,0.44,0.22,0
245,0.55,0.42,0.34,0.30,0.50,0.00,0.52,0.22,0
246,0.34,0.42,0.30,0.23,0.50,0.00,0.53,0.22,0
573,0.44,0.53,0.52,0.23,0.50,0.83,0.51,0.22,0
242,0.59,0.58,0.56,0.21,0.50,0.00,0.54,0.33,0
243,0.39,0.28,0.46,0.12,0.50,0.00,0.41,0.22,0
244,0.56,0.43,0.54,0.16,0.50,0.00,0.50,0.22,0
248,0.36,0.68,0.38,0.08,0.50,0.00,0.53,0.25,0
249,0.27,0.36,0.60,0.33,0.50,0.00,0.37,0.31,0
250,0.35,0.40,0.59,0.22,0.50,0.00,0.47,0.37,0
251,0.42,0.32,0.50,0.21,0.50,0.00,0.51,0.22,0
252,0.23,0.20,0.53,0.20,0.50,0.00,0.44,0.22,0
253,0.55,0.54,0.56,0.22,0.50,0.00,0.50,0.37,0
258,0.36,0.24,0.49,0.16,0.50,0.00,0.51,0.22,0
259,0.38,0.48,0.59,0.22,0.50,0.00,0.46,0.22,1
288,0.80,0.46,0.50,0.15,0.50,0.00,0.53,0.22,1
287,0.60,0.56,0.47,0.20,0.50,0.00,0.50,0.38,0
264,0.41,0.24,0.54,0.26,0.50,0.00,0.41,0.22,0
268,0.47,0.65,0.54,0.62,0.50,0.00,0.53,0.36,0
270,0.43,0.39,0.54,0.14,0.50,0.00,0.47,0.22,0
272,0.50,0.51,0.52,0.09,0.50,0.00,0.48,0.25,0
273,0.53,0.61,0.52,0.21,0.50,0.00,0.55,0.30,0
274,0.54,0.42,0.41,0.16,0.50,0.00,0.52,0.22,0
1183,0.46,0.35,0.53,0.16,0.50,0.00,0.51,0.29,1
283,0.46,0.43,0.49,0.79,0.50,0.00,0.49,0.63,0
78,0.51,0.55,0.35,0.16,0.50,0.00,0.51,0.47,0
284,0.56,0.52,0.55,0.19,0.50,0.00,0.54,0.22,1
1229,0.61,0.30,0.59,0.12,0.50,0.00,0.49,0.27,0
285,0.37,0.53,0.46,0.23,0.50,0.00,0.47,0.22,0
286,0.83,0.58,0.33,0.04,0.50,0.00,0.53,0.22,0
295,0.39,0.45,0.53,0.18,0.50,0.00,0.54,0.22,1
298,0.52,0.54,0.50,0.21,0.50,0.00,0.48,0.30,1
303,0.35,0.39,0.57,0.11,0.50,0.00,0.48,0.22,0
84,0.36,0.49,0.30,0.22,0.50,0.00,0.52,0.31,0
305,0.78,0.70,0.32,0.23,0.50,0.00,0.53,0.22,0
306,0.55,0.46,0.53,0.11,0.50,0.00,0.52,0.48,1
307,0.45,0.56,0.54,0.32,0.50,0.00,0.57,0.22,1
308,0.45,0.56,0.53,0.32,0.50,0.00,0.57,0.22,1
309,0.29,0.43,0.40,0.15,0.50,0.00,0.53,0.22,0
311,0.52,0.75,0.37,0.14,0.50,0.00,0.46,0.22,0
312,0.71,0.56,0.39,0.27,0.50,0.00,0.52,0.22,0
313,0.58,0.60,0.43,0.12,0.50,0.00,0.55,0.22,0
1232,0.54,0.65,0.49,0.34,0.50,0.00,0.52,0.22,1
217,0.57,0.59,0.44,0.16,0.50,0.00,0.52,0.22,0
522,0.59,0.58,0.46,0.19,0.50,0.00,0.56,0.27,1
314,0.92,0.61,0.40,0.22,0.50,0.00,0.54,0.22,0
343,0.55,0.56,0.45,0.14,0.50,0.00,0.54,0.22,1
310,0.63,0.61,0.41,0.22,0.50,0.00,0.51,0.22,0
315,0.58,0.53,0.38,0.18,0.50,0.00,0.52,0.22,0
316,0.36,0.46,0.43,0.19,0.50,0.00,0.48,0.22,0
317,0.32,0.47,0.55,0.12,0.50,0.00,0.52,0.22,1
318,0.34,0.38,0.45,0.19,0.50,0.00,0.51,0.22,0
319,0.62,0.58,0.46,0.13,0.50,0.00,0.53,0.22,1
332,0.53,0.68,0.42,0.19,0.50,0.00,0.53,0.22,0
320,0.73,0.55,0.41,0.16,0.50,0.00,0.46,0.22,0
321,0.55,0.46,0.46,0.31,0.50,0.00,0.58,0.48,0
322,0.35,0.60,0.47,0.13,0.50,0.00,0.52,0.43,0
323,0.77,0.80,0.51,0.40,1.00,0.00,0.54,0.22,0
324,0.77,0.87,0.47,0.37,0.50,0.00,0.48,0.22,0
544,0.35,0.46,0.49,0.15,1.00,0.00,0.55,0.35,1
327,0.43,0.51,0.48,0.14,0.50,0.00,0.50,0.22,1
328,0.57,0.61,0.45,0.26,0.50,0.00,0.50,0.22,1
329,0.63,0.62,0.42,0.12,0.50,0.00,0.52,0.25,1
197,0.25,0.40,0.51,0.18,0.50,0.00,0.50,0.27,1
41,0.56,0.62,0.53,0.24,0.50,0.00,0.57,0.22,1
325,0.58,0.60,0.51,0.24,0.50,0.00,0.53,0.22,1
326,0.71,0.59,0.53,0.15,0.50,0.00,0.49,0.33,1
331,0.46,0.35,0.33,0.17,0.50,0.00,0.55,0.22,0
333,0.54,0.55,0.42,0.22,0.50,0.00,0.48,0.22,0
334,0.39,0.44,0.28,0.12,0.50,0.00,0.46,0.27,0
335,0.33,0.44,0.49,0.08,0.50,0.00,0.48,0.49,0
340,0.81,0.82,0.41,0.36,0.50,0.00,0.39,0.22,0
342,0.69,0.60,0.51,0.13,0.50,0.83,0.52,0.22,0
1231,0.46,0.48,0.44,0.21,0.50,0.00,0.55,0.22,0
339,0.35,0.36,0.57,0.17,0.50,0.00,0.52,0.22,1
337,0.74,0.72,0.47,0.25,0.50,0.00,0.57,0.22,0
338,0.54,0.57,0.52,0.19,0.50,0.00,0.59,0.67,0
344,0.42,0.52,0.40,0.17,0.50,0.00,0.50,0.26,0
345,0.91,0.77,0.34,0.47,0.50,0.00,0.52,0.31,0
1439,0.81,0.90,0.39,0.41,0.50,0.00,0.53,0.22,0
1185,0.45,0.40,0.56,0.14,0.50,0.00,0.54,0.22,1
1186,0.47,0.47,0.58,0.16,0.50,0.00,0.49,0.28,1
347,0.41,0.39,0.51,0.52,0.50,0.00,0.49,0.22,1
346,0.37,0.34,0.32,0.22,0.50,0.00,0.56,0.22,0
348,0.69,0.60,0.50,0.31,0.50,0.00,0.55,0.22,1
349,0.35,0.56,0.36,0.30,0.50,0.00,0.53,0.25,0
350,0.84,0.66,0.36,0.78,0.50,0.00,0.49,0.50,0
351,0.51,0.58,0.54,0.29,0.50,0.00,0.53,0.22,1
352,0.37,0.43,0.62,0.27,0.50,0.00,0.48,0.22,0
358,0.55,0.66,0.57,0.32,0.50,0.00,0.57,0.34,1
359,0.48,0.35,0.42,0.21,0.50,0.00,0.57,0.22,1
364,0.62,0.58,0.52,0.15,0.50,0.00,0.52,0.29,1
365,0.56,0.59,0.53,0.16,0.50,0.00,0.24,0.42,0
360,0.44,0.51,0.37,0.15,0.50,0.00,0.51,0.22,0
361,0.44,0.44,0.49,0.15,0.50,0.00,0.46,0.27,0
362,0.50,0.50,0.48,0.17,0.50,0.00,0.47,0.26,1
363,0.60,0.60,0.49,0.30,0.50,0.00,0.53,0.22,0
366,0.49,0.46,0.34,0.21,0.50,0.00,0.55,0.22,0
367,0.35,0.68,0.57,0.40,0.50,0.00,0.53,0.36,0
368,0.70,0.69,0.43,0.33,0.50,0.00,0.58,0.22,0
372,0.23,0.30,0.58,0.22,0.50,0.00,0.48,0.27,0
293,0.45,0.42,0.52,0.20,0.50,0.00,0.50,0.25,1
467,0.51,0.35,0.46,0.15,0.50,0.00,0.51,0.42,1
291,0.42,0.39,0.47,0.13,0.50,0.00,0.50,0.27,1
292,0.32,0.38,0.52,0.20,0.50,0.00,0.52,0.28,1
290,0.59,0.65,0.52,0.30,0.50,0.00,0.46,0.31,1
373,0.41,0.52,0.41,0.11,0.50,0.00,0.54,0.35,1
374,0.37,0.33,0.50,0.12,0.50,0.00,0.51,0.54,1
289,0.45,0.56,0.49,0.17,0.50,0.00,0.52,0.22,1
375,0.56,0.54,0.59,0.14,0.50,0.00,0.52,0.27,0
376,0.31,0.31,0.54,0.18,0.50,0.00,0.52,0.29,0
377,0.27,0.51,0.47,0.35,0.50,0.00,0.49,0.28,0
378,0.54,0.56,0.57,0.18,0.50,0.00,0.45,0.25,0
379,0.17,0.38,0.45,0.09,0.50,0.00,0.54,0.27,0
380,0.43,0.51,0.54,0.15,0.50,0.00,0.45,0.26,0
381,0.60,0.40,0.59,0.18,0.50,0.00,0.48,0.22,1
382,0.91,0.69,0.57,0.45,0.50,0.00,0.56,0.22,0
263,0.38,0.47,0.53,0.12,0.50,0.00,0.48,0.22,1
262,0.59,0.43,0.52,0.19,0.50,0.00,0.55,0.27,1
383,0.64,0.53,0.45,0.13,0.50,0.00,0.53,0.22,1
384,0.49,0.31,0.34,0.13,0.50,0.00,0.52,0.22,0
385,0.52,0.51,0.51,0.12,0.50,0.00,0.51,0.40,1
386,0.49,0.43,0.48,0.15,0.50,0.00,0.55,0.25,1
758,0.49,0.47,0.52,0.16,0.50,0.00,0.53,0.28,1
450,0.48,0.39,0.49,0.18,0.50,0.00,0.51,0.22,1
388,0.44,0.34,0.55,0.18,0.50,0.00,0.52,0.22,1
387,0.43,0.54,0.58,0.16,0.50,0.00,0.50,0.36,0
1199,0.49,0.42,0.54,0.17,0.50,0.00,0.50,0.36,1
389,0.34,0.66,0.51,0.16,0.50,0.00,0.47,0.33,0
391,0.20,0.34,0.33,0.10,0.50,0.00,0.48,0.31,0
2,0.74,0.53,0.50,0.08,0.50,0.00,0.55,0.31,1
394,0.69,0.48,0.38,0.15,0.50,0.00,0.55,0.22,0
369,0.30,0.50,0.47,0.11,0.50,0.00,0.46,0.22,1
395,0.44,0.51,0.48,0.38,0.50,0.00,0.52,0.22,1
738,0.31,0.45,0.50,0.17,0.50,0.00,0.49,0.22,1
746,0.55,0.41,0.56,0.21,0.50,0.00,0.52,0.22,1
735,0.40,0.34,0.52,0.17,0.50,0.00,0.47,0.51,0
1189,0.40,0.48,0.50,0.17,0.50,0.00,0.54,0.50,1
400,0.58,0.48,0.56,0.10,0.50,0.00,0.46,0.25,0
401,0.58,0.48,0.56,0.12,0.50,0.00,0.46,0.25,0
1295,0.58,0.45,0.48,0.24,0.50,0.00,0.52,0.37,1
1296,0.58,0.41,0.51,0.26,0.50,0.00,0.51,0.37,1
402,0.41,0.60,0.53,0.29,0.50,0.00,0.47,0.43,0
396,0.69,0.50,0.49,0.42,0.50,0.00,0.49,0.22,0
411,0.38,0.49,0.61,0.13,0.50,0.00,0.54,0.22,1
234,0.60,0.48,0.44,0.52,0.50,0.00,0.54,0.63,0
412,0.47,0.49,0.63,0.17,0.50,0.00,0.31,0.26,0
413,0.28,0.51,0.55,0.11,0.50,0.00,0.46,0.22,0
414,0.56,0.57,0.63,0.39,1.00,0.00,0.59,0.40,0
415,0.21,0.38,0.49,0.16,0.50,0.00,0.51,0.45,1
416,0.46,0.57,0.57,0.15,0.50,0.00,0.52,0.26,0
417,0.43,0.42,0.54,0.22,0.50,0.00,0.57,0.33,0
418,0.57,0.59,0.50,0.58,0.50,0.00,0.53,0.22,0
257,0.48,0.34,0.47,0.14,0.50,0.00,0.47,0.26,1
421,0.35,0.40,0.53,0.18,0.50,0.00,0.42,0.38,1
422,0.47,0.45,0.53,0.62,0.50,0.00,0.46,0.22,0
419,0.53,0.43,0.47,0.15,0.50,0.00,0.58,0.22,1
420,0.46,0.45,0.56,0.16,0.50,0.00,0.56,0.22,1
423,0.44,0.42,0.62,0.14,0.50,0.00,0.55,0.37,0
410,0.37,0.34,0.58,0.24,0.50,0.00,0.44,0.18,0
409,0.39,0.39,0.55,0.52,0.50,0.00,0.37,0.16,0
424,0.48,0.46,0.38,0.29,0.50,0.00,0.53,0.22,0
425,0.48,0.57,0.50,0.09,0.50,0.00,0.52,0.42,0
426,0.61,0.57,0.45,0.21,0.50,0.00,0.50,0.42,0
427,0.56,0.44,0.56,0.19,0.50,0.00,0.54,0.22,1
428,0.51,0.63,0.30,0.35,0.50,0.00,0.53,0.27,0
429,0.53,0.68,0.34,0.42,0.50,0.00,0.54,0.27,0
574,0.37,0.22,0.64,0.35,0.50,0.00,0.47,0.22,0
640,0.49,0.37,0.59,0.17,0.50,0.00,0.51,0.22,0
575,0.51,0.48,0.58,0.22,0.50,0.00,0.50,0.28,0
431,0.53,0.53,0.53,0.17,0.50,0.00,0.49,0.37,0
430,0.29,0.68,0.47,0.26,0.50,0.00,0.47,0.37,0
432,0.50,0.45,0.49,0.15,0.50,0.00,0.55,0.43,0
459,0.33,0.28,0.31,0.24,0.50,0.00,0.53,0.22,0
1422,0.85,0.85,0.30,0.31,0.50,0.00,0.55,0.42,0
433,0.43,0.39,0.51,0.28,0.50,0.00,0.40,0.22,0
445,0.61,0.54,0.49,0.16,0.50,0.00,0.54,0.42,1
446,0.34,0.35,0.61,0.19,0.50,0.00,0.52,0.25,0
178,0.55,0.53,0.56,0.29,0.50,0.00,0.48,0.22,0
403,0.66,0.62,0.52,0.17,0.50,0.00,0.49,0.22,1
434,0.44,0.41,0.58,0.20,0.50,0.00,0.57,0.25,1
435,0.37,0.62,0.34,0.25,0.50,0.00,0.51,0.22,0
436,0.45,0.56,0.51,0.64,0.50,0.00,0.54,0.22,0
447,0.38,0.46,0.52,0.75,0.50,0.00,0.50,0.26,0
444,0.61,0.54,0.49,0.19,0.50,0.00,0.54,0.47,1
405,0.44,0.53,0.52,0.37,0.50,0.00,0.50,0.22,0
406,0.44,0.53,0.52,0.37,0.50,0.00,0.50,0.22,0
407,0.32,0.34,0.61,0.17,0.50,0.00,0.52,0.32,0
408,0.34,0.34,0.61,0.18,0.50,0.00,0.52,0.32,0
1190,0.51,0.68,0.49,0.59,0.50,0.00,0.54,0.27,0
448,0.41,0.30,0.49,0.28,0.50,0.00,0.54,0.22,1
449,0.41,0.43,0.50,0.28,0.50,0.00,0.50,0.22,1
451,0.30,0.50,0.34,0.26,0.50,0.00,0.51,0.22,0
452,0.49,0.40,0.34,0.26,0.50,0.00,0.50,0.22,0
453,0.34,0.40,0.30,0.23,0.50,0.00,0.51,0.22,0
454,0.43,0.44,0.30,0.18,0.50,0.00,0.51,0.22,0
455,0.43,0.45,0.37,0.12,0.50,0.00,0.48,0.22,0
456,0.45,0.57,0.30,0.17,0.50,0.00,0.51,0.22,0
457,0.45,0.57,0.30,0.17,0.50,0.00,0.51,0.22,0
458,0.42,0.44,0.33,0.17,0.50,0.00,0.54,0.27,0
11,0.52,0.50,0.53,0.10,0.50,0.00,0.48,0.22,0
461,0.53,0.56,0.49,0.46,0.50,0.00,0.52,0.22,0
462,0.45,0.54,0.54,0.62,0.50,0.00,0.53,0.22,0
488,0.51,0.43,0.63,0.18,0.50,0.00,0.52,0.22,1
463,0.51,0.52,0.48,0.50,0.50,0.00,0.51,0.22,0
468,0.55,0.49,0.50,0.46,0.50,0.00,0.52,0.25,0
1191,0.50,0.46,0.52,0.16,0.50,0.00,0.52,0.26,1
1230,0.50,0.53,0.45,0.44,0.50,0.00,0.49,0.22,0
477,0.45,0.59,0.53,0.74,0.50,0.00,0.47,0.25,0
476,0.57,0.61,0.55,0.67,0.50,0.00,0.48,0.22,0
478,0.54,0.45,0.62,0.13,0.50,0.00,0.52,0.26,0
479,0.67,0.51,0.53,0.28,0.50,0.00,0.51,0.22,0
480,0.35,0.49,0.47,0.22,0.50,0.00,0.50,0.28,0
460,0.47,0.63,0.66,0.45,0.50,0.00,0.37,0.11,0
481,0.51,0.34,0.43,0.18,0.50,0.00,0.48,0.25,1
482,0.56,0.45,0.59,0.14,0.50,0.00,0.51,0.26,0
483,0.45,0.38,0.59,0.18,0.50,0.00,0.44,0.45,0
490,0.43,0.51,0.60,0.25,0.50,0.00,0.55,0.22,1
491,0.47,0.59,0.43,0.13,0.50,0.00,0.56,0.30,0
492,0.40,0.45,0.42,0.17,0.50,0.00,0.54,0.26,0
493,0.89,0.81,0.36,0.71,0.50,0.00,0.55,0.63,0
494,0.58,0.55,0.52,0.22,0.50,0.00,0.44,0.22,0
495,0.59,0.57,0.46,0.14,0.50,0.00,0.52,0.22,0
496,0.49,0.41,0.32,0.21,0.50,0.00,0.50,0.32,0
497,0.35,0.53,0.35,0.33,0.50,0.00,0.50,0.32,0
498,0.42,0.32,0.61,0.13,0.50,0.00,0.14,0.27,0
1415,0.50,0.46,0.42,0.32,0.50,0.00,0.56,0.55,0
1416,0.68,0.50,0.43,0.27,0.50,0.00,0.61,0.22,0
1417,0.50,0.45,0.49,0.30,0.50,0.00,0.47,0.40,0
15,0.46,0.41,0.50,0.44,0.50,0.00,0.53,0.22,0
1418,0.32,0.36,0.34,0.19,0.50,0.00,0.55,0.26,0
1419,0.40,0.51,0.42,0.13,0.50,0.00,0.45,0.25,0
1420,0.70,0.73,0.37,0.37,0.50,0.00,0.48,0.31,0
1421,0.81,0.76,0.32,0.37,0.50,0.00,0.51,0.22,0
1423,0.65,0.61,0.39,0.30,0.50,0.00,0.57,0.28,0
1424,0.47,0.43,0.35,0.32,0.50,0.00,0.54,0.22,0
499,0.42,0.25,0.60,0.14,0.50,0.00,0.45,0.22,1
508,0.23,0.34,0.41,0.28,0.50,0.00,0.50,0.27,0
398,0.85,0.56,0.33,0.38,1.00,0.00,0.55,0.25,0
509,0.34,0.31,0.60,0.37,0.50,0.00,0.50,0.30,0
515,0.59,0.53,0.47,0.26,0.50,0.00,0.53,0.31,0
516,0.67,0.63,0.34,0.41,0.50,0.00,0.60,0.33,0
517,0.70,0.73,0.38,0.36,0.50,0.00,0.54,0.22,0
689,0.54,0.51,0.54,0.52,0.50,0.00,0.47,0.25,0
690,0.53,0.50,0.54,0.56,0.50,0.00,0.49,0.41,0
518,0.84,0.63,0.38,0.23,0.50,0.00,0.53,0.22,0
519,0.89,0.77,0.36,0.34,0.50,0.00,0.44,0.22,0
523,0.48,0.43,0.45,0.17,0.50,0.00,0.48,0.37,0
524,0.36,0.35,0.47,0.22,0.50,0.00,0.44,0.31,0
520,0.57,0.49,0.48,0.16,0.50,0.00,0.51,0.22,0
525,0.43,0.52,0.53,0.52,1.00,0.00,0.49,0.22,1
526,0.38,0.49,0.54,1.00,0.50,0.00,0.50,0.27,1
1100,0.43,0.32,0.56,0.27,0.50,0.00,0.47,0.27,0
529,0.84,0.87,0.45,0.54,0.50,0.00,0.28,0.22,0
528,0.27,0.56,0.56,0.18,0.50,0.00,0.52,0.22,1
530,0.89,0.82,0.60,0.49,0.50,0.00,0.55,0.22,0
531,0.86,0.92,0.50,0.37,1.00,0.00,0.53,0.32,0
532,0.37,0.55,0.29,0.32,0.50,0.00,0.51,0.22,0
533,0.87,0.83,0.57,0.36,0.50,0.00,0.36,0.22,0
1192,0.43,0.45,0.54,0.14,0.50,0.00,0.50,0.31,1
534,0.52,0.48,0.54,0.28,0.50,0.00,0.54,0.22,0
536,0.77,0.60,0.42,0.33,0.50,0.00,0.57,0.22,0
537,0.76,0.74,0.56,0.34,0.50,0.00,0.51,0.30,0
538,0.58,0.76,0.40,0.37,0.50,0.00,0.54,0.30,0
539,0.94,0.60,0.33,0.49,0.50,0.00,0.54,0.22,0
628,0.36,0.44,0.57,0.18,0.50,0.00,0.42,0.22,0
540,0.42,0.51,0.39,0.22,0.50,0.00,0.49,0.26,0
112,0.52,0.48,0.58,0.55,0.50,0.00,0.48,0.22,1
46,0.42,0.32,0.48,0.16,0.50,0.00,0.55,0.22,0
541,0.43,0.38,0.51,0.24,0.50,0.00,0.46,0.33,0
691,0.48,0.57,0.52,0.61,0.50,0.00,0.51,0.22,0
542,0.83,0.53,0.52,0.20,0.50,0.00,0.48,0.25,0
543,0.36,0.34,0.46,0.19,0.50,0.00,0.52,0.22,0
546,0.51,0.43,0.47,0.19,0.50,0.00,0.52,0.37,1
547,0.54,0.54,0.49,0.14,0.50,0.00,0.56,0.22,1
548,0.44,0.41,0.44,0.13,0.50,0.00,0.49,0.42,0
545,0.52,0.62,0.54,0.19,0.50,0.00,0.50,0.22,0
549,0.46,0.40,0.38,0.18,0.50,0.00,0.49,0.22,0
550,0.68,0.50,0.55,0.65,0.50,0.00,0.46,0.31,0
552,0.53,0.44,0.47,0.22,0.50,0.00,0.53,0.22,0
269,0.48,0.48,0.50,0.47,0.50,0.00,0.55,0.22,0
554,0.46,0.14,0.36,0.21,0.50,0.00,0.50,0.25,0
555,0.50,0.45,0.48,0.17,0.50,0.00,0.50,0.26,1
553,0.44,0.53,0.43,0.17,0.50,0.00,0.54,0.75,0
556,0.46,0.47,0.46,0.16,0.50,0.00,0.51,0.22,1
563,0.52,0.49,0.57,0.57,0.50,0.00,0.51,0.22,0
564,0.62,0.64,0.56,0.20,0.50,0.00,0.48,0.33,0
565,0.46,0.32,0.58,0.17,0.50,0.00,0.61,0.25,0
604,0.78,0.48,0.47,0.30,0.50,0.00,0.53,0.47,0
605,0.49,0.62,0.65,0.18,0.50,0.00,0.46,0.43,0
566,0.50,0.34,0.62,0.19,0.50,0.00,0.57,0.22,1
560,0.39,0.37,0.33,0.23,0.50,0.00,0.53,0.26,0
559,0.39,0.37,0.56,0.15,0.50,0.00,0.50,0.27,1
558,0.33,0.37,0.54,0.28,0.50,0.00,0.53,0.27,0
562,0.39,0.37,0.33,0.23,0.50,0.00,0.52,0.26,0
561,0.33,0.38,0.53,0.26,0.50,0.00,0.52,0.27,0
47,0.48,0.51,0.57,0.24,0.50,0.00,0.50,0.22,1
617,0.50,0.62,0.54,0.66,0.50,0.00,0.49,0.22,0
616,0.47,0.54,0.54,0.48,0.50,0.00,0.53,0.26,0
695,0.72,0.58,0.42,0.28,0.50,0.00,0.48,0.22,0
571,0.41,0.41,0.51,0.19,0.50,0.00,0.57,0.22,0
697,0.81,0.65,0.52,0.41,0.50,0.00,0.57,0.26,0
576,0.50,0.49,0.52,0.20,0.50,0.00,0.43,0.52,0
578,0.18,0.48,0.46,0.12,0.50,0.00,0.00,0.25,0
579,0.26,0.38,0.52,0.36,0.50,0.00,0.48,0.56,0
580,0.53,0.51,0.51,0.11,0.50,0.00,0.49,0.41,0
583,0.58,0.49,0.50,0.41,0.50,0.00,0.57,0.22,0
582,0.62,0.60,0.47,0.16,0.50,0.00,0.53,0.22,1
584,0.68,0.58,0.51,0.19,0.50,0.83,0.54,0.22,0
585,0.40,0.52,0.53,0.52,0.50,0.00,0.51,0.22,0
586,0.51,0.47,0.41,0.44,0.50,0.00,0.50,0.22,0
587,0.72,0.56,0.40,0.26,0.50,0.00,0.51,0.26,0
588,0.49,0.44,0.45,0.22,0.50,0.00,0.51,0.22,1
581,0.32,0.47,0.55,0.25,0.50,0.00,0.49,0.22,0
589,0.46,0.57,0.52,0.28,0.50,0.00,0.52,0.22,0
300,0.53,0.48,0.45,0.44,0.50,0.00,0.49,0.27,0
301,0.49,0.48,0.46,0.63,0.50,0.00,0.52,0.22,0
590,0.70,0.53,0.42,0.22,0.50,0.00,0.51,0.28,0
40,0.68,0.68,0.49,0.15,0.50,0.00,0.53,0.22,0
591,0.47,0.60,0.35,0.21,0.50,0.00,0.52,0.22,0
592,0.55,0.49,0.45,0.18,0.50,0.00,0.49,0.22,0
593,0.40,0.53,0.61,0.21,0.50,0.00,0.48,0.33,0
1196,0.57,0.44,0.42,0.20,0.50,0.00,0.54,0.22,1
594,0.40,0.47,0.48,0.18,0.50,0.00,0.46,0.22,1
638,0.34,0.54,0.54,0.13,0.50,0.00,0.52,0.22,1
639,0.43,0.83,0.55,0.20,0.50,0.00,0.47,0.40,0
595,0.55,0.65,0.50,0.28,0.50,0.00,0.55,0.22,0
596,0.29,0.46,0.54,0.27,0.50,0.00,0.49,0.22,1
597,0.46,0.42,0.60,0.21,0.50,0.00,0.40,0.22,0
598,0.80,0.81,0.55,0.35,0.50,0.00,0.42,0.22,0
599,0.79,0.74,0.49,0.33,0.50,0.00,0.48,0.22,0
399,0.45,0.48,0.63,0.67,0.50,0.00,0.48,0.22,0
600,0.66,0.52,0.52,0.44,0.50,0.00,0.56,0.27,0
557,0.50,0.49,0.59,0.47,0.50,0.00,0.49,0.36,0
601,0.54,0.52,0.54,0.20,0.50,0.00,0.55,0.25,0
602,0.37,0.31,0.53,0.16,0.50,0.00,0.53,0.44,0
603,0.43,0.39,0.59,0.13,0.50,0.00,0.41,0.43,0
280,0.48,0.47,0.54,0.55,0.50,0.00,0.51,0.65,0
613,0.60,0.59,0.45,0.23,0.50,0.00,0.55,0.22,0
117,0.45,0.73,0.47,0.65,0.50,0.00,0.54,0.43,0
606,0.66,0.54,0.49,0.16,0.50,0.00,0.54,0.36,0
607,0.46,0.55,0.61,0.13,0.50,0.00,0.47,0.22,1
572,0.42,0.50,0.53,0.22,0.50,0.83,0.50,0.22,0
608,0.66,0.66,0.32,0.54,0.50,0.00,0.51,0.22,0
609,0.74,0.56,0.35,0.36,0.50,0.00,0.51,0.25,0
610,0.89,0.52,0.41,0.26,0.50,0.00,0.52,0.31,0
611,0.67,0.51,0.54,0.21,0.50,0.00,0.43,0.30,0
612,0.58,0.46,0.46,0.34,0.50,0.00,0.50,0.43,0
614,0.40,0.68,0.50,0.82,0.50,0.00,0.44,0.36,0
615,0.59,0.57,0.43,0.26,0.50,0.00,0.51,0.22,0
618,0.39,0.30,0.56,0.12,0.50,0.00,0.53,0.38,0
886,0.60,0.62,0.54,0.40,0.50,0.00,0.50,0.22,0
1014,0.36,0.40,0.53,0.48,0.50,0.00,0.48,0.22,0
1020,0.51,0.42,0.56,0.38,0.50,0.00,0.46,0.22,0
1021,0.41,0.54,0.58,0.20,0.50,0.00,0.52,0.22,0
1015,0.57,0.40,0.62,0.30,0.50,0.00,0.48,0.11,0
953,0.52,0.50,0.59,0.31,0.50,0.00,0.50,0.22,0
1016,0.42,0.53,0.53,0.64,0.50,0.00,0.47,0.22,0
955,0.50,0.46,0.64,0.36,0.50,0.00,0.49,0.22,0
937,0.60,0.51,0.60,0.38,0.50,0.83,0.52,0.24,0
1018,0.45,0.38,0.64,0.14,0.50,0.00,0.54,0.22,0
942,0.60,0.57,0.64,0.52,0.50,0.00,0.47,0.28,0
943,0.53,0.42,0.58,0.29,0.50,0.00,0.50,0.22,0
944,0.41,0.52,0.53,0.41,0.50,0.00,0.39,0.33,0
945,0.45,0.43,0.63,0.40,0.50,0.00,0.59,0.11,0
946,0.44,0.44,0.67,0.35,0.50,0.00,0.48,0.26,0
947,0.58,0.52,0.61,0.33,0.50,0.00,0.38,0.11,0
948,0.57,0.61,0.55,0.27,0.50,0.00,0.44,0.21,0
949,0.57,0.58,0.58,0.35,0.50,0.00,0.49,0.22,0
950,0.64,0.64,0.56,0.21,0.50,0.00,0.50,0.22,0
951,0.56,0.50,0.61,0.49,0.50,0.00,0.46,0.28,0
952,0.60,0.46,0.59,0.16,0.50,0.00,0.49,0.22,0
938,0.36,0.38,0.56,0.44,0.50,0.00,0.48,0.22,0
954,0.53,0.52,0.61,0.35,0.50,0.00,0.50,0.22,0
939,0.62,0.59,0.54,0.47,0.50,0.00,0.46,0.22,0
940,0.55,0.50,0.60,0.31,0.50,0.00,0.46,0.27,0
941,0.58,0.53,0.57,0.46,0.50,0.00,0.51,0.27,0
1022,0.65,0.53,0.55,0.52,0.50,0.00,0.47,0.27,0
1017,0.38,0.54,0.54,0.41,0.50,0.00,0.51,0.22,0
1019,0.58,0.53,0.50,0.53,0.50,0.00,0.47,0.31,0
620,0.61,0.46,0.51,0.37,0.50,0.00,0.51,0.22,0
621,0.55,0.59,0.47,0.64,0.50,0.00,0.54,0.33,0
622,0.54,0.64,0.50,0.13,0.50,0.00,0.49,0.22,0
623,0.40,0.74,0.49,0.16,0.50,0.00,0.51,0.22,0
627,0.76,0.76,0.35,0.27,0.50,0.00,0.44,0.22,0
1184,0.51,0.56,0.51,0.42,0.50,0.00,0.53,0.36,0
1187,0.43,0.32,0.50,0.29,0.50,0.00,0.50,0.22,0
629,0.49,0.44,0.45,0.55,0.50,0.00,0.48,0.22,0
630,0.32,0.45,0.44,0.20,0.50,0.00,0.55,0.33,0
631,0.51,0.60,0.51,0.26,0.50,0.00,0.54,0.22,0
632,0.49,0.46,0.42,0.46,0.50,0.00,0.55,0.22,0
1193,0.50,0.56,0.49,0.61,0.50,0.00,0.50,0.22,0
1197,0.51,0.48,0.51,0.43,0.50,0.00,0.49,0.22,0
633,0.52,0.38,0.62,0.12,0.50,0.00,0.41,0.28,0
634,0.53,0.40,0.57,0.12,0.50,0.00,0.53,0.32,0
635,0.51,0.56,0.62,0.24,0.50,0.00,0.52,0.51,0
636,0.63,0.60,0.50,0.27,0.50,0.00,0.55,0.22,0
1200,0.46,0.44,0.53,0.31,0.50,0.00,0.48,0.22,0
637,0.58,0.57,0.54,0.69,0.50,0.00,0.54,0.22,0
624,0.61,0.59,0.47,0.49,0.50,0.00,0.54,0.22,0
625,0.63,0.47,0.56,0.12,0.50,0.00,0.50,0.22,0
626,0.55,0.53,0.54,0.40,0.50,0.00,0.48,0.22,0
1203,0.41,0.47,0.58,0.62,0.50,0.00,0.50,0.22,0
1205,0.44,0.53,0.53,0.37,0.50,0.00,0.51,0.22,0
642,0.57,0.40,0.48,0.24,0.50,0.00,0.55,0.22,1
643,0.46,0.46,0.56,0.12,0.50,0.00,0.55,0.22,0
1026,0.47,0.46,0.55,0.28,0.50,0.00,0.44,0.46,0
1434,0.39,0.35,0.49,0.17,0.50,0.00,0.49,0.22,0
644,0.58,0.38,0.40,0.21,0.50,0.00,0.50,0.22,1
645,0.53,0.41,0.50,0.24,1.00,0.00,0.47,0.22,1
646,0.43,0.40,0.50,0.18,0.50,0.00,0.50,0.28,1
1448,0.41,0.59,0.46,0.19,0.50,0.00,0.36,0.22,0
1449,0.58,0.56,0.52,0.25,0.50,0.00,0.57,0.35,0
1450,0.51,0.65,0.53,0.19,0.50,0.00,0.49,0.22,0
1451,0.81,0.79,0.32,0.37,0.50,0.00,0.41,0.22,0
1452,0.44,0.41,0.29,0.21,0.50,0.00,0.49,0.22,0
649,0.49,0.60,0.55,0.17,0.50,0.00,0.44,0.22,1
650,0.56,0.63,0.52,0.20,0.50,0.00,0.34,0.26,0
651,0.42,0.28,0.57,0.18,0.50,0.00,0.42,0.22,0
652,0.51,0.46,0.54,0.41,0.50,0.00,0.53,0.22,0
1195,0.60,0.51,0.52,0.45,0.50,0.00,0.50,0.27,0
653,0.37,0.41,0.45,0.14,0.50,0.00,0.47,0.22,1
654,0.37,0.51,0.57,0.40,0.50,0.00,0.48,0.27,0
655,0.36,0.39,0.55,0.26,0.50,0.00,0.49,0.22,0
656,0.50,0.36,0.53,0.41,0.50,0.00,0.55,0.36,1
657,0.59,0.58,0.39,0.52,0.50,0.00,0.50,0.31,1
659,0.78,0.63,0.53,0.13,0.50,0.00,0.54,0.22,0
660,0.47,0.59,0.37,0.31,0.50,0.00,0.51,0.36,0
137,0.48,0.62,0.52,0.30,0.50,0.00,0.51,0.37,0
661,0.53,0.61,0.51,0.49,0.50,0.00,0.54,0.27,0
662,0.48,0.54,0.53,0.60,0.50,0.00,0.53,0.31,0
23,0.33,0.46,0.53,0.29,0.50,0.00,0.50,0.55,0
663,0.36,0.44,0.51,0.17,0.50,0.00,0.60,0.19,0
664,0.39,0.34,0.68,0.30,0.50,0.00,0.50,0.29,0
665,0.11,0.41,0.67,0.13,0.50,0.00,0.45,0.29,0
666,0.40,0.53,0.44,0.18,0.50,0.00,0.54,0.31,0
667,0.47,0.50,0.55,0.19,0.50,0.00,0.62,0.22,1
668,0.35,0.50,0.44,0.27,0.50,0.00,0.51,0.22,1
669,0.36,0.30,0.50,0.19,0.50,0.00,0.55,0.30,0
670,0.49,0.44,0.51,0.18,0.50,0.00,0.52,0.27,1
330,0.35,0.44,0.54,0.26,0.50,0.00,0.52,0.26,0
671,0.43,0.28,0.53,0.34,0.50,0.00,0.55,0.57,0
673,0.33,0.48,0.55,0.16,0.50,0.00,0.53,0.75,0
676,0.45,0.21,0.49,0.24,0.50,0.00,0.46,0.31,0
672,0.44,0.34,0.61,0.13,0.50,0.00,0.49,0.26,0
679,0.87,0.47,0.60,0.47,0.50,0.00,0.59,0.22,0
680,0.30,0.55,0.58,0.16,0.50,0.00,0.61,0.28,0
1253,0.29,0.34,0.55,0.24,0.50,0.00,0.51,0.22,1
682,0.75,0.67,0.51,0.29,0.50,0.00,0.52,0.36,0
963,0.47,0.47,0.50,0.15,0.50,0.00,0.50,0.48,0
683,0.51,0.34,0.49,0.16,0.50,0.00,0.53,0.21,0
684,0.64,0.76,0.51,0.18,0.50,0.00,0.46,0.22,0
685,0.45,0.41,0.58,0.48,0.50,0.00,0.53,0.64,0
647,0.90,0.54,0.59,0.20,0.50,0.00,0.48,0.22,0
648,0.88,0.59,0.54,0.39,0.50,0.00,0.41,0.30,0
1427,0.70,0.51,0.47,0.24,0.50,0.00,0.53,0.25,0
686,0.25,0.36,0.58,0.30,0.50,0.00,0.58,0.31,0
681,0.69,0.62,0.49,0.00,1.00,0.00,0.47,0.22,0
688,0.83,0.57,0.42,0.57,0.50,0.00,0.50,0.32,0
13,0.43,0.38,0.38,0.12,0.50,0.00,0.50,0.22,0
88,0.78,0.65,0.40,0.16,0.50,0.00,0.63,0.22,0
85,0.52,0.64,0.34,0.16,0.50,0.00,0.57,0.22,0
696,0.75,0.66,0.64,0.39,0.50,0.00,0.46,0.32,0
757,0.41,0.49,0.58,0.22,0.50,0.00,0.52,0.22,0
698,0.58,0.51,0.56,0.16,0.50,0.00,0.34,0.22,0
722,0.48,0.49,0.45,0.23,0.50,0.00,0.51,0.22,0
699,0.39,0.42,0.49,0.10,0.50,0.00,0.49,0.65,0
1400,0.31,0.42,0.48,0.17,0.50,0.00,0.49,0.53,0
1442,0.39,0.28,0.54,0.14,0.50,0.00,0.59,0.22,0
1413,0.76,0.67,0.37,0.22,0.50,0.00,0.54,0.22,0
1375,0.49,0.27,0.57,0.18,0.50,0.83,0.54,0.22,0
706,0.28,0.48,0.56,0.16,0.50,0.00,0.48,0.26,1
707,0.69,0.39,0.52,0.12,0.50,0.00,0.38,0.35,1
708,0.64,0.52,0.50,0.26,0.50,0.00,0.51,0.31,0
709,0.56,0.48,0.50,0.30,0.50,0.00,0.51,0.22,1
817,0.50,0.50,0.54,0.16,0.50,0.00,0.49,0.22,0
1279,0.47,0.43,0.59,0.27,0.50,0.00,0.55,0.22,0
710,0.68,0.59,0.44,0.49,0.50,0.00,0.40,0.26,0
711,0.50,0.51,0.57,0.27,0.50,0.00,0.48,0.22,0
487,0.45,0.46,0.61,0.20,0.50,0.00,0.62,0.22,1
76,0.53,0.51,0.36,0.13,0.50,0.00,0.52,0.22,0
692,0.60,0.54,0.54,0.53,0.50,0.00,0.52,0.27,0
693,0.49,0.52,0.53,0.70,0.50,0.00,0.51,0.22,0
254,0.49,0.45,0.53,0.16,0.50,0.00,0.49,0.31,1
713,0.51,0.46,0.57,0.25,0.50,0.00,0.53,0.22,1
255,0.49,0.45,0.46,0.18,0.50,0.00,0.49,0.31,1
256,0.52,0.46,0.51,0.18,0.50,0.00,0.50,0.22,1
195,0.55,0.59,0.52,0.10,0.50,0.00,0.53,0.22,1
196,0.39,0.58,0.50,0.10,0.50,0.00,0.51,0.25,1
714,0.70,0.84,0.49,0.28,1.00,0.00,0.58,0.22,0
715,0.33,0.38,0.45,0.19,0.50,0.00,0.54,0.37,0
716,0.61,0.46,0.44,0.47,0.50,0.00,0.50,0.37,0
718,0.41,0.48,0.38,0.13,0.50,0.00,0.51,0.35,0
719,0.37,0.42,0.60,0.13,0.50,0.00,0.51,0.22,0
694,0.45,0.58,0.59,0.44,0.50,0.00,0.56,0.22,0
723,0.74,0.89,0.32,0.24,0.50,0.00,0.54,0.32,0
720,0.28,0.46,0.26,0.18,0.50,0.00,0.39,0.22,0
724,0.51,0.46,0.49,0.21,0.50,0.00,0.55,0.22,0
133,0.80,0.82,0.57,0.26,0.50,0.00,0.57,0.27,0
304,0.46,0.49,0.45,0.28,0.50,0.00,0.55,0.22,0
725,0.40,0.36,0.55,0.15,0.50,0.00,0.53,0.22,0
726,0.67,0.46,0.58,0.30,0.50,0.00,0.57,0.27,0
805,0.50,0.32,0.49,0.49,0.50,0.00,0.48,0.32,0
806,0.45,0.53,0.47,0.43,0.50,0.00,0.50,0.27,0
807,0.75,0.60,0.43,0.35,0.50,0.00,0.45,0.27,0
808,0.56,0.68,0.52,0.39,0.50,0.00,0.36,0.22,0
1024,0.48,0.45,0.59,0.35,0.50,0.00,0.55,0.30,0
809,0.26,0.28,0.60,0.20,0.50,0.00,0.54,0.31,0
811,0.59,0.45,0.58,0.21,0.50,0.00,0.49,0.22,0
804,0.48,0.52,0.49,0.35,0.50,0.50,0.51,0.22,0
812,0.59,0.58,0.47,0.61,0.50,0.00,0.44,0.30,0
810,0.50,0.57,0.62,0.25,0.50,0.00,0.51,0.22,0
500,0.57,0.49,0.50,0.20,0.50,0.00,0.51,0.28,1
501,0.62,0.43,0.49,0.29,0.50,0.00,0.50,0.27,1
1,0.45,0.41,0.49,0.14,1.00,0.00,0.53,0.30,1
799,0.47,0.49,0.60,0.15,0.50,0.00,0.38,0.22,1
727,0.41,0.48,0.54,0.24,0.50,0.00,0.37,0.51,0
357,0.46,0.46,0.53,0.23,0.50,0.00,0.51,0.22,1
728,0.48,0.42,0.48,0.19,0.50,0.00,0.58,0.22,1
729,0.43,0.45,0.53,0.19,0.50,0.00,0.56,0.22,1
730,0.28,0.36,0.55,0.15,0.50,0.00,0.57,0.22,1
734,0.48,0.46,0.58,0.26,0.50,0.00,0.44,0.22,0
762,0.74,0.72,0.50,0.28,0.50,0.00,0.50,0.27,0
763,0.74,0.72,0.50,0.28,0.50,0.00,0.49,0.27,0
754,0.38,0.62,0.52,0.14,0.50,0.00,0.53,0.22,1
760,0.77,0.72,0.48,0.26,0.50,0.00,0.51,0.22,0
736,0.44,0.42,0.57,0.22,0.50,0.00,0.50,0.25,0
761,0.74,0.74,0.51,0.27,0.50,0.00,0.50,0.22,0
764,0.39,0.81,0.35,0.28,0.50,0.00,0.51,0.45,0
731,0.53,0.54,0.43,0.18,0.50,0.00,0.53,0.31,0
732,0.38,0.45,0.37,0.19,0.50,0.00,0.52,0.30,0
733,0.40,0.37,0.54,0.13,0.50,0.00,0.48,0.22,0
1367,0.31,0.30,0.34,0.19,0.50,0.00,0.55,0.30,0
737,0.50,0.42,0.57,0.49,0.50,0.00,0.48,0.27,0
739,0.59,0.61,0.51,0.62,0.50,0.00,0.51,0.38,0
740,0.45,0.40,0.43,0.22,0.50,0.00,0.51,0.48,0
551,0.47,0.54,0.53,0.77,0.50,0.00,0.52,0.36,0
741,0.77,0.78,0.51,0.28,0.50,0.00,0.33,0.22,0
404,0.74,0.71,0.52,0.30,0.50,0.00,0.27,0.22,0
742,0.77,0.73,0.51,0.27,0.50,0.00,0.34,0.22,0
743,0.47,0.61,0.50,0.23,0.50,0.00,0.49,0.22,0
744,0.78,0.69,0.44,0.26,0.50,0.00,0.54,0.22,0
80,0.49,0.60,0.30,0.34,0.50,0.00,0.50,0.43,0
81,0.27,0.56,0.30,0.14,0.50,0.00,0.52,0.39,0
77,0.40,0.39,0.33,0.17,0.50,0.00,0.51,0.31,0
568,0.55,0.51,0.54,0.20,0.50,0.00,0.56,0.22,1
748,0.95,0.71,0.27,0.39,0.50,0.00,0.31,0.22,0
749,0.97,0.71,0.29,0.42,0.50,0.00,0.35,0.22,0
75,0.44,0.43,0.34,0.21,0.50,0.00,0.55,0.40,0
83,0.39,0.49,0.30,0.19,0.50,0.00,0.52,0.31,0
750,0.38,0.48,0.51,0.13,0.50,0.00,0.50,0.32,0
751,0.37,0.51,0.39,0.18,0.50,0.00,0.51,0.27,0
752,0.27,0.49,0.36,0.26,0.50,0.00,0.49,0.26,0
755,0.49,0.48,0.52,0.20,0.50,0.00,0.55,0.22,0
277,0.36,0.39,0.54,0.16,0.50,0.00,0.50,0.28,0
275,0.54,0.53,0.48,0.14,0.50,0.00,0.49,0.33,0
279,0.37,0.48,0.50,0.26,0.50,0.00,0.52,0.39,0
278,0.25,0.39,0.50,0.23,0.50,0.00,0.50,0.28,0
712,0.49,0.71,0.54,0.13,0.50,0.00,0.58,0.22,0
276,0.56,0.50,0.56,0.26,0.50,0.00,0.53,0.27,0
703,0.41,0.53,0.41,0.15,0.50,0.00,0.54,0.25,0
756,0.50,0.45,0.53,0.21,0.50,0.00,0.28,0.22,0
126,0.46,0.37,0.48,0.36,0.50,0.00,0.48,0.22,0
759,0.66,0.55,0.34,0.20,0.50,0.00,0.62,0.22,0
489,0.42,0.65,0.58,0.34,0.50,0.00,0.50,0.22,0
765,0.45,0.47,0.53,0.15,0.50,0.00,0.52,0.27,1
766,0.42,0.28,0.51,0.23,0.50,0.00,0.53,0.27,0
767,0.51,0.48,0.46,0.29,0.50,0.00,0.54,0.22,1
801,0.75,0.69,0.48,0.13,0.50,0.00,0.57,0.40,0
148,0.69,0.70,0.50,0.30,0.50,0.00,0.54,0.22,0
802,0.63,0.55,0.53,0.51,0.50,0.00,0.55,0.22,0
791,0.55,0.63,0.54,0.16,0.50,0.00,0.45,0.27,1
789,0.46,0.62,0.54,0.25,0.50,0.00,0.46,0.22,1
788,0.53,0.59,0.48,0.14,0.50,0.00,0.51,0.22,1
792,0.42,0.53,0.57,0.17,0.50,0.00,0.49,0.22,1
782,0.52,0.46,0.56,0.20,0.50,0.00,0.50,0.22,1
785,0.53,0.43,0.57,0.24,0.50,0.00,0.39,0.28,1
795,0.33,0.35,0.56,0.19,0.50,0.00,0.50,0.22,0
796,0.45,0.48,0.56,0.56,0.50,0.00,0.47,0.22,0
797,0.56,0.48,0.50,0.17,0.50,0.00,0.51,0.26,1
798,0.77,0.57,0.45,0.17,0.50,0.00,0.53,0.22,1
774,0.56,0.59,0.54,0.18,0.50,0.00,0.48,0.46,0
775,0.33,0.39,0.52,0.09,0.50,0.00,0.47,0.28,0
776,0.48,0.41,0.54,0.39,0.50,0.00,0.51,0.22,0
768,0.30,0.30,0.46,0.32,0.50,0.00,0.45,0.22,0
777,0.38,0.26,0.60,0.10,0.50,0.00,0.48,0.44,0
778,0.68,0.39,0.50,0.15,0.50,0.00,0.48,0.37,0
779,0.62,0.41,0.52,0.17,0.50,0.00,0.48,0.22,0
780,0.52,0.37,0.48,0.13,0.50,0.00,0.55,0.22,0
781,0.32,0.48,0.49,0.17,0.50,0.00,0.47,0.22,0
769,0.34,0.35,0.58,0.20,0.50,0.00,0.46,0.32,0
770,0.33,0.21,0.53,0.15,1.00,0.00,0.52,0.50,0
771,0.49,0.45,0.57,0.24,0.50,0.00,0.47,0.38,0
772,0.40,0.28,0.48,0.06,0.50,0.00,0.49,0.42,0
773,0.51,0.39,0.56,0.25,0.50,0.00,0.51,0.33,0
786,0.45,0.45,0.52,0.17,0.50,0.00,0.54,0.22,1
784,0.28,0.51,0.55,0.19,0.50,0.00,0.57,0.22,1
783,0.51,0.51,0.56,0.28,0.50,0.00,0.54,0.27,1
787,0.48,0.56,0.49,0.32,0.50,0.00,0.50,0.22,1
800,0.59,0.46,0.48,0.46,0.50,0.00,0.49,0.22,1
282,0.51,0.46,0.40,0.65,0.50,0.00,0.49,0.22,0
1111,0.37,0.44,0.51,0.56,0.50,0.00,0.50,0.38,0
813,0.81,0.55,0.35,0.34,0.50,0.00,0.51,0.22,0
814,0.53,0.45,0.53,0.18,0.50,0.00,0.42,0.22,1
815,0.45,0.27,0.50,0.33,0.50,0.00,0.53,0.26,1
816,0.36,0.33,0.38,0.15,0.50,0.00,0.55,0.36,0
818,0.48,0.50,0.56,0.11,0.50,0.00,0.33,0.22,1
790,0.35,0.47,0.53,0.19,0.50,0.00,0.48,0.22,1
794,0.48,0.48,0.56,0.18,0.50,0.00,0.58,0.22,1
821,0.60,0.59,0.47,0.47,0.50,0.00,0.53,0.22,0
822,0.45,0.53,0.51,0.42,0.50,0.00,0.52,0.22,0
823,0.29,0.40,0.41,0.48,0.50,0.00,0.53,0.30,0
824,0.58,0.53,0.33,0.26,0.50,0.00,0.51,0.22,0
825,0.46,0.43,0.50,0.24,0.50,0.00,0.48,0.31,1
826,0.43,0.46,0.50,0.21,0.50,0.00,0.49,0.34,1
527,0.61,0.55,0.51,0.26,0.50,0.00,0.52,0.22,1
1292,0.50,0.62,0.52,0.30,0.50,0.00,0.56,0.22,0
1286,0.49,0.45,0.54,0.40,0.50,0.00,0.55,0.22,0
1287,0.64,0.53,0.59,0.14,0.50,0.00,0.53,0.22,0
1291,0.57,0.60,0.54,0.17,0.50,0.00,0.52,0.22,0
1288,0.38,0.31,0.59,0.19,0.50,0.00,0.46,0.22,0
1289,0.68,0.53,0.44,0.31,0.50,0.00,0.51,0.22,0
867,0.24,0.41,0.47,0.16,0.50,0.00,0.51,0.38,0
854,0.61,0.39,0.53,0.14,0.50,0.00,0.43,0.26,0
855,0.39,0.16,0.59,0.08,0.50,0.00,0.51,0.27,0
856,0.33,0.28,0.50,0.40,0.50,0.00,0.46,0.61,0
857,0.51,0.55,0.56,0.18,0.50,0.00,0.50,0.38,0
868,0.39,0.44,0.54,0.24,0.50,0.00,0.51,0.49,0
858,0.43,0.48,0.53,0.18,0.50,0.00,0.46,0.22,0
860,0.47,0.43,0.48,0.16,0.50,0.00,0.46,0.27,0
869,0.52,0.50,0.51,0.20,0.50,0.00,0.51,0.22,0
870,0.33,0.28,0.52,0.15,0.50,0.00,0.51,0.86,0
871,0.36,0.48,0.50,0.13,0.50,0.00,0.49,0.60,0
861,0.45,0.54,0.49,0.29,0.50,0.00,0.49,0.25,0
862,0.55,0.59,0.53,0.15,0.50,0.00,0.49,0.22,0
863,0.31,0.39,0.55,0.28,0.50,0.00,0.46,0.31,0
864,0.43,0.41,0.51,0.34,0.50,0.00,0.49,0.28,0
865,0.64,0.50,0.53,0.10,0.50,0.00,0.51,0.22,0
866,0.41,0.52,0.56,0.26,0.50,0.00,0.48,0.32,0
1273,0.48,0.47,0.59,0.41,0.50,0.00,0.56,0.27,0
872,0.49,0.49,0.51,0.29,0.50,0.00,0.52,0.71,0
873,0.41,0.52,0.51,0.22,0.50,0.00,0.52,0.44,0
1148,0.51,0.61,0.50,0.23,0.50,0.00,0.52,0.61,0
874,0.59,0.47,0.51,0.53,0.50,0.00,0.53,0.26,1
875,0.40,0.60,0.50,0.16,0.50,0.00,0.51,0.22,1
876,0.54,0.53,0.53,0.17,0.50,0.00,0.51,0.39,0
877,0.61,0.46,0.54,0.11,0.50,0.00,0.47,0.22,1
878,0.66,0.55,0.54,0.18,0.50,0.00,0.43,0.22,1
879,0.53,0.46,0.54,0.37,0.50,0.00,0.51,0.30,0
880,0.41,0.41,0.43,0.61,0.50,0.00,0.53,0.22,0
883,0.58,0.31,0.60,0.12,0.50,0.00,0.47,0.33,0
829,0.49,0.67,0.50,0.28,0.50,0.00,0.43,0.22,0
830,0.44,0.33,0.55,0.16,0.50,0.00,0.49,0.22,0
831,0.44,0.45,0.53,0.19,0.50,0.00,0.41,0.28,0
884,0.57,0.55,0.52,0.16,0.50,0.00,0.49,0.39,0
885,0.45,0.66,0.39,0.11,0.50,0.00,0.54,0.22,0
281,0.32,0.49,0.53,0.28,0.50,0.00,0.50,0.50,0
887,0.35,0.42,0.56,0.28,0.50,0.00,0.47,0.22,0
888,0.46,0.41,0.58,0.10,0.50,0.00,0.48,0.22,0
889,0.57,0.51,0.58,0.22,0.50,0.00,0.51,0.22,0
891,0.47,0.47,0.54,0.19,0.50,0.00,0.51,0.33,0
892,0.34,0.58,0.50,0.26,0.50,0.00,0.51,0.22,0
893,0.55,0.45,0.58,0.25,0.50,0.00,0.49,0.22,0
894,0.40,0.66,0.34,0.21,0.50,0.00,0.52,0.26,0
895,0.42,0.21,0.59,0.30,0.50,0.00,0.47,0.27,0
896,0.60,0.48,0.46,0.32,0.50,0.00,0.40,0.33,1
897,0.64,0.44,0.51,0.35,0.50,0.00,0.53,0.22,1
898,0.35,0.40,0.44,0.25,0.50,0.00,0.53,0.57,0
899,0.55,0.38,0.64,0.42,0.50,0.00,0.47,0.22,0
900,0.45,0.43,0.50,0.25,0.50,0.00,0.47,0.22,0
1290,0.47,0.53,0.48,0.51,0.50,0.00,0.54,0.22,0
957,0.45,0.49,0.57,0.25,0.50,0.00,0.48,0.22,0
962,0.45,0.52,0.50,0.12,0.50,0.00,0.60,0.22,1
959,0.56,0.51,0.32,0.49,0.50,0.00,0.48,0.22,0
960,0.37,0.58,0.50,0.22,0.50,0.00,0.47,0.22,0
961,0.47,0.45,0.51,0.33,0.50,0.00,0.46,0.26,0
964,0.50,0.36,0.64,0.37,0.50,0.00,0.37,0.33,0
965,0.43,0.44,0.64,0.19,0.50,0.00,0.38,0.33,0
1004,0.38,0.40,0.59,0.25,0.50,0.00,0.44,0.22,1
1005,0.39,0.39,0.59,0.25,0.50,0.00,0.45,0.22,1
832,0.54,0.55,0.56,0.14,0.50,0.00,0.50,0.25,1
907,0.45,0.50,0.57,0.29,0.50,0.00,0.44,0.11,1
999,0.61,0.38,0.57,0.36,0.50,0.00,0.44,0.21,1
841,0.43,0.33,0.54,0.37,0.50,0.00,0.38,0.16,1
842,0.43,0.33,0.54,0.37,0.50,0.00,0.38,0.16,1
853,0.51,0.39,0.58,0.19,0.50,0.00,0.47,0.22,1
969,0.72,0.51,0.52,0.08,0.50,0.00,0.54,0.22,0
967,0.35,0.41,0.53,0.27,0.50,0.00,0.47,0.29,0
966,0.56,0.49,0.54,0.15,0.50,0.00,0.50,0.35,0
968,0.57,0.37,0.43,0.27,0.50,0.00,0.53,0.28,0
979,0.57,0.49,0.61,0.26,0.50,0.00,0.52,0.22,0
980,0.48,0.45,0.63,0.19,0.50,0.00,0.58,0.22,0
971,0.34,0.48,0.47,0.19,0.50,0.00,0.50,0.30,0
972,0.54,0.57,0.55,0.18,0.50,0.00,0.50,0.22,0
973,0.38,0.44,0.55,0.44,0.50,0.00,0.47,0.51,0
974,0.40,0.30,0.57,0.13,0.50,0.00,0.46,0.22,0
975,0.27,0.31,0.55,0.13,0.50,0.00,0.50,0.22,0
976,0.52,0.46,0.56,0.25,0.50,0.00,0.52,0.22,0
977,0.44,0.50,0.55,0.24,0.50,0.00,0.48,0.22,0
978,0.34,0.47,0.48,0.32,0.50,0.00,0.42,0.22,0
989,0.50,0.56,0.63,0.25,0.50,0.00,0.42,0.22,0
982,0.46,0.53,0.47,0.37,0.50,0.00,0.51,0.36,0
988,0.31,0.60,0.65,0.18,0.50,0.00,0.46,0.22,0
987,0.57,0.42,0.63,0.22,0.50,0.00,0.68,0.32,0
986,0.37,0.45,0.53,0.14,0.50,0.00,0.49,0.22,0
985,0.38,0.38,0.54,0.24,0.50,0.00,0.54,0.22,0
984,0.36,0.49,0.55,0.21,0.50,0.00,0.55,0.33,0
983,0.29,0.40,0.50,0.16,0.50,0.00,0.51,0.34,0
990,0.37,0.30,0.51,0.15,0.50,0.00,0.58,0.26,0
910,0.35,0.33,0.48,0.42,0.50,0.00,0.47,0.43,1
904,0.46,0.35,0.69,0.18,0.50,0.00,0.30,0.25,1
835,0.57,0.43,0.52,0.30,0.50,0.00,0.37,0.11,1
836,0.57,0.43,0.52,0.30,0.50,0.00,0.37,0.11,1
902,0.59,0.51,0.48,0.12,0.50,0.00,0.54,0.31,1
905,0.61,0.53,0.59,0.17,0.50,0.00,0.44,0.28,1
909,0.61,0.48,0.56,0.19,0.50,0.00,0.53,0.31,1
839,0.44,0.56,0.52,0.18,0.50,0.00,0.50,0.11,1
840,0.36,0.56,0.52,0.18,0.50,0.00,0.45,0.16,1
906,0.37,0.44,0.64,0.48,0.50,0.00,0.36,0.27,1
908,0.72,0.37,0.63,0.38,0.50,0.00,0.40,0.14,1
912,0.44,0.36,0.64,0.45,0.50,0.00,0.53,0.11,1
913,0.58,0.45,0.55,0.27,0.50,0.00,0.48,0.11,1
915,0.63,0.64,0.45,0.26,0.50,0.00,0.43,0.22,1
918,0.43,0.33,0.67,0.12,0.50,0.00,0.45,0.23,1
919,0.43,0.33,0.67,0.12,0.50,0.00,0.43,0.23,1
920,0.58,0.44,0.50,0.26,0.50,0.00,0.52,0.22,1
916,0.38,0.43,0.53,0.22,0.50,0.00,0.48,0.11,1
851,0.40,0.45,0.61,0.29,0.50,0.00,0.44,0.22,1
852,0.40,0.45,0.61,0.29,0.50,0.00,0.44,0.22,1
924,0.34,0.34,0.65,0.40,0.50,0.00,0.32,0.16,1
925,0.43,0.22,0.79,0.79,0.50,0.00,0.22,0.00,1
923,0.35,0.21,1.00,0.80,0.50,0.00,0.13,0.01,1
926,0.56,0.35,0.47,0.41,0.50,0.00,0.50,0.22,1
927,0.56,0.35,0.47,0.35,0.50,0.00,0.52,0.22,1
928,0.54,0.44,0.55,0.48,0.50,0.00,0.47,0.22,1
929,0.35,0.39,0.56,0.20,0.50,0.00,0.49,0.41,1
930,0.48,0.46,0.58,0.16,0.50,0.00,0.45,0.22,1
931,0.48,0.55,0.48,0.10,0.50,0.00,0.55,0.22,1
932,0.66,0.60,0.52,0.19,0.50,0.00,0.69,0.22,1
933,0.69,0.54,0.55,0.23,0.50,0.00,0.73,0.22,1
934,0.73,0.60,0.47,0.20,0.50,0.00,0.72,0.22,1
935,0.78,0.82,0.56,0.21,0.50,0.00,0.69,0.22,1
991,0.42,0.49,0.49,0.36,0.50,0.00,0.57,0.26,0
970,0.44,0.62,0.53,0.27,0.50,0.00,0.49,0.22,0
981,0.56,0.61,0.52,0.19,0.50,0.00,0.52,0.32,0
992,0.47,0.56,0.46,0.50,0.50,0.00,0.51,0.22,0
1010,0.46,0.33,0.45,0.22,0.50,0.00,0.41,0.37,1
843,0.52,0.43,0.61,0.22,0.50,0.00,0.45,0.22,1
844,0.52,0.43,0.61,0.22,0.50,0.00,0.45,0.22,1
1007,0.32,0.44,0.54,0.21,0.50,0.00,0.40,0.19,1
996,0.48,0.41,0.52,0.33,0.50,0.00,0.51,0.26,1
998,0.46,0.39,0.54,0.22,0.50,0.00,0.48,0.25,1
997,0.42,0.50,0.64,0.13,0.50,0.00,0.49,0.22,1
845,0.46,0.54,0.59,0.41,0.50,0.00,0.53,0.21,1
846,0.46,0.54,0.59,0.41,0.50,0.00,0.53,0.21,1
847,0.39,0.65,0.57,0.19,0.50,0.00,0.44,0.25,1
848,0.39,0.65,0.57,0.19,0.50,0.00,0.43,0.25,1
1000,0.38,0.50,0.52,0.44,0.50,0.00,0.54,0.11,1
1006,0.51,0.52,0.58,0.17,0.50,0.00,0.47,0.28,1
1001,0.57,0.48,0.54,0.22,0.50,0.00,0.50,0.11,1
1002,0.50,0.50,0.62,0.23,0.50,0.00,0.35,0.11,1
1003,0.41,0.49,0.65,0.28,0.50,0.00,0.59,0.57,1
1008,0.53,0.57,0.60,0.36,0.50,0.00,0.50,0.22,1
1011,0.37,0.30,0.62,0.43,0.50,0.00,0.44,0.39,1
993,0.60,0.57,0.52,0.14,0.50,0.00,0.46,0.48,0
994,0.42,0.38,0.52,0.29,0.50,0.00,0.42,0.22,0
1023,0.41,0.46,0.58,0.08,0.50,0.00,0.51,0.28,0
837,0.49,0.40,0.58,0.23,0.50,0.00,0.47,0.27,1
838,0.37,0.37,0.51,0.38,0.50,0.00,0.44,0.22,1
1012,0.57,0.50,0.40,0.08,0.50,0.00,0.47,0.22,0
336,0.51,0.40,0.50,0.28,0.50,0.00,0.48,0.27,1
1031,0.34,0.25,0.55,0.28,0.50,0.00,0.51,0.49,1
1032,0.77,0.86,0.44,0.27,0.50,0.00,0.48,0.22,0
1033,0.59,0.54,0.53,0.14,0.50,0.00,0.48,0.22,1
1045,0.50,0.48,0.48,0.23,0.50,0.00,0.53,0.68,1
1052,0.39,1.00,0.38,0.41,0.50,0.00,0.50,0.27,0
793,0.56,0.42,0.52,0.14,0.50,0.00,0.51,0.22,1
1208,0.39,0.46,0.33,0.18,0.50,0.00,0.53,0.22,0
1053,0.52,0.54,0.47,0.49,0.50,0.00,0.54,0.22,0
1028,0.46,0.49,0.55,0.18,0.50,0.00,0.56,0.22,0
265,0.56,0.65,0.49,0.56,0.50,0.00,0.49,0.22,0
266,0.53,0.51,0.55,0.57,0.50,0.00,0.46,0.22,0
1054,0.54,0.64,0.40,0.56,0.50,0.00,0.51,0.22,0
1055,0.47,0.58,0.47,0.52,0.50,0.00,0.54,0.22,0
1056,0.46,0.42,0.51,0.16,0.50,0.00,0.56,0.22,1
1057,0.60,0.51,0.49,0.18,0.50,0.00,0.53,0.38,1
1034,0.85,0.66,0.49,0.18,0.50,0.00,0.51,0.22,0
1035,0.55,0.52,0.44,0.20,0.50,0.00,0.56,0.22,0
1036,0.49,0.38,0.56,0.09,0.50,0.00,0.46,0.22,1
1037,0.38,0.40,0.53,0.12,0.50,0.00,0.55,0.22,1
1038,0.55,0.55,0.52,0.13,0.50,0.00,0.53,0.25,1
1039,0.46,0.44,0.58,0.17,0.50,0.00,0.55,0.22,1
1040,0.34,0.46,0.52,0.19,0.50,0.00,0.53,0.26,1
1058,0.58,0.56,0.46,0.14,0.50,0.00,0.51,0.22,1
1041,0.46,0.47,0.44,0.18,1.00,0.00,0.46,0.22,0
1042,0.44,0.71,0.50,0.21,0.50,0.00,0.54,0.27,1
1043,0.56,0.49,0.32,0.22,0.50,0.00,0.50,0.22,0
1044,0.41,0.49,0.47,0.09,0.50,0.00,0.49,0.22,1
1059,0.44,0.51,0.53,0.30,0.50,0.00,0.53,0.22,1
747,0.54,0.51,0.56,0.15,0.50,0.00,0.54,0.31,1
1046,0.51,0.51,0.32,0.27,0.50,0.00,0.54,0.22,0
1060,0.46,0.38,0.51,0.20,0.50,0.00,0.51,0.22,1
1029,0.55,0.72,0.35,0.26,0.50,0.00,0.49,0.22,0
1047,0.54,0.44,0.35,0.19,0.50,0.00,0.51,0.27,0
678,0.65,0.66,0.37,0.12,0.50,0.00,0.52,0.27,0
1048,0.41,0.40,0.56,0.17,0.50,0.00,0.56,0.22,1
1049,0.39,0.71,0.38,0.14,0.50,0.00,0.50,0.22,0
1061,0.37,0.42,0.46,0.15,0.50,0.00,0.51,0.31,0
1050,0.59,0.55,0.57,0.18,0.50,0.00,0.51,0.22,1
1062,0.48,0.51,0.50,0.24,0.50,0.00,0.54,0.38,1
1063,0.39,0.30,0.63,0.20,0.50,0.00,0.43,0.47,1
1252,0.47,0.52,0.54,0.25,0.50,0.00,0.54,0.29,0
1064,0.77,0.82,0.40,0.36,0.50,0.00,0.38,0.22,0
1065,0.52,0.55,0.39,0.09,1.00,0.00,0.55,0.25,0
1066,0.42,0.28,0.33,0.23,0.50,0.00,0.39,0.26,0
1067,0.47,0.37,0.46,0.28,0.50,0.00,0.52,0.99,0
1068,0.48,0.50,0.47,0.29,0.50,0.00,0.46,0.27,0
1201,0.30,0.33,0.55,0.12,0.50,0.00,0.53,0.38,1
1069,0.49,0.49,0.52,0.18,0.50,0.00,0.51,0.25,0
1070,0.54,0.59,0.57,0.34,0.50,0.00,0.49,0.22,0
48,0.70,0.78,0.53,0.24,0.50,0.00,0.48,0.22,0
1071,0.85,0.69,0.34,0.31,0.50,0.00,0.57,0.30,0
1072,0.56,0.59,0.45,0.15,0.50,0.00,0.54,0.22,0
393,0.47,0.56,0.53,0.44,0.50,0.00,0.53,0.22,0
392,0.53,0.49,0.47,0.21,0.50,0.00,0.53,0.22,1
1073,0.70,0.57,0.34,0.19,0.50,0.00,0.53,0.27,0
1074,0.42,0.43,0.67,0.70,0.50,0.00,0.42,0.25,1
677,0.47,0.44,0.53,0.18,0.50,0.00,0.47,0.29,0
1075,0.40,0.49,0.53,0.23,0.50,0.00,0.44,0.26,0
1076,0.45,0.65,0.51,0.17,0.50,0.00,0.49,0.22,0
1077,0.42,0.42,0.55,0.31,0.50,0.00,0.43,0.22,0
1078,0.45,0.41,0.53,0.49,0.50,0.00,0.49,0.31,0
1079,0.42,0.28,0.49,0.22,0.50,0.00,0.55,0.34,0
1080,0.47,0.50,0.47,0.22,0.50,0.00,0.53,0.45,0
1081,0.33,0.42,0.55,0.23,0.50,0.00,0.52,0.43,0
1082,0.56,0.55,0.57,0.15,0.50,0.00,0.54,0.25,1
1083,0.37,0.47,0.49,0.12,0.50,0.00,0.47,0.31,0
1084,0.32,0.60,0.48,0.13,0.50,0.00,0.53,0.22,0
1085,0.38,0.42,0.31,0.35,0.50,0.00,0.52,0.22,0
1086,0.46,0.56,0.56,0.25,0.50,0.00,0.43,0.22,0
1087,0.47,0.55,0.57,0.17,0.50,0.00,0.52,0.66,0
1088,0.37,0.55,0.52,0.13,0.50,0.00,0.42,0.80,1
1089,0.46,0.48,0.38,0.22,0.50,0.00,0.39,0.45,0
745,0.80,0.69,0.53,0.33,0.50,0.00,0.51,0.22,0
1090,0.52,0.65,0.36,0.37,0.50,0.00,0.52,0.34,0
1092,0.19,0.16,0.68,0.36,0.50,0.00,0.49,0.21,0
1093,0.64,0.31,0.53,0.15,0.50,0.00,0.53,0.31,1
1094,0.40,0.43,0.36,0.33,0.50,0.00,0.51,0.22,0
1095,0.47,0.56,0.51,0.20,0.50,0.00,0.52,0.59,0
1096,0.40,0.75,0.44,0.12,0.50,0.00,0.49,0.22,0
1097,0.48,0.55,0.58,0.18,0.50,0.00,0.38,0.69,0
1098,0.57,0.51,0.34,0.13,0.50,0.00,0.53,0.27,0
1099,0.23,0.37,0.32,0.13,0.50,0.00,0.53,0.22,0
1101,0.54,0.50,0.51,0.26,0.50,0.00,0.52,0.22,1
1102,0.60,0.64,0.56,0.36,0.50,0.00,0.46,0.27,1
1103,0.27,0.41,0.24,0.20,0.50,0.00,0.49,0.22,0
1104,0.25,0.35,0.22,0.18,0.50,0.00,0.46,0.22,0
1105,0.39,0.45,0.51,0.29,0.50,0.00,0.54,0.22,1
1106,0.33,0.47,0.55,0.24,0.50,0.00,0.45,0.67,0
1107,0.37,0.40,0.38,0.18,0.50,0.00,0.51,0.22,0
1108,0.43,0.47,0.47,0.18,0.50,0.00,0.47,0.22,1
1109,0.66,0.43,0.57,0.60,0.50,0.00,0.19,0.33,0
1110,0.55,0.40,0.62,0.22,0.50,0.00,0.37,0.28,0
1025,0.33,0.46,0.60,0.18,0.50,0.00,0.51,0.26,0
1112,0.51,0.50,0.54,0.11,0.50,0.00,0.60,0.22,0
1348,0.54,0.60,0.57,0.17,0.50,0.00,0.44,0.22,0
1113,0.45,0.57,0.38,0.28,0.50,0.00,0.53,0.31,0
1114,0.55,0.57,0.51,0.07,0.50,0.00,0.55,0.22,1
1115,0.54,0.47,0.58,0.40,0.50,0.00,0.46,0.27,0
1116,0.36,0.32,0.55,0.27,0.50,0.00,0.47,0.43,0
1117,0.46,0.41,0.45,0.23,0.50,0.00,0.48,0.22,0
1118,0.40,0.39,0.60,0.23,0.50,0.00,0.52,0.31,0
917,0.52,0.47,0.58,0.18,0.50,0.00,0.34,0.11,1
1124,0.50,0.45,0.51,0.19,0.50,0.00,0.53,0.25,1
1125,0.57,0.55,0.51,0.18,0.50,0.00,0.51,0.43,0
1126,0.44,0.43,0.46,0.28,0.50,0.00,0.45,0.29,0
1120,0.46,0.50,0.50,0.28,0.50,0.00,0.50,0.37,0
1127,0.66,0.65,0.54,0.40,0.50,0.00,0.51,0.22,0
1149,0.77,0.73,0.49,0.46,0.50,0.00,0.38,0.22,0
1180,0.38,0.58,0.46,0.21,0.50,0.00,0.52,0.22,0
1181,0.32,0.68,0.51,0.16,0.50,0.83,0.55,0.22,0
1119,0.27,0.46,0.52,0.17,0.50,0.00,0.49,0.44,0
1121,0.52,0.45,0.45,0.13,0.50,0.00,0.48,0.22,0
1222,0.37,0.29,0.45,0.15,0.50,0.00,0.49,0.22,0
1128,0.37,0.48,0.67,0.37,0.50,0.00,0.56,0.62,0
1122,0.44,0.59,0.54,0.18,0.50,0.00,0.49,0.22,0
1123,0.48,0.65,0.36,0.24,0.50,0.00,0.54,0.31,0
1129,0.59,0.49,0.45,0.22,0.50,0.00,0.45,0.31,0
1130,0.73,0.52,0.59,0.25,0.50,0.00,0.51,0.22,0
1131,0.50,0.43,0.50,0.17,0.50,0.00,0.46,0.47,0
1132,0.23,0.13,0.51,0.16,0.50,0.00,0.53,0.51,0
1133,0.49,0.60,0.54,0.35,0.50,0.00,0.53,0.46,0
1134,0.52,0.31,0.56,0.16,0.50,0.00,0.55,0.22,0
1139,0.49,0.48,0.51,0.21,0.50,0.00,0.53,0.22,0
1140,0.49,0.60,0.42,0.18,0.50,0.00,0.58,0.28,0
1141,0.60,0.62,0.54,0.11,0.50,0.00,0.51,0.22,0
1142,0.55,0.47,0.53,0.20,0.50,0.00,0.40,0.22,0
1051,0.47,0.32,0.51,0.24,0.50,0.00,0.54,0.27,0
1143,0.53,0.25,0.59,0.27,0.50,0.00,0.45,0.26,0
881,0.31,0.50,0.54,0.32,0.50,0.00,0.53,0.31,0
1146,0.25,0.33,0.48,0.18,0.50,0.00,0.42,0.33,0
1147,0.55,0.46,0.47,0.15,0.50,0.00,0.47,0.22,0
1135,0.61,0.50,0.61,0.21,0.50,0.00,0.55,0.54,1
1136,0.50,0.52,0.51,0.22,0.50,0.00,0.46,0.37,1
1137,0.62,0.33,0.49,0.24,0.50,0.00,0.51,0.42,1
1138,0.56,0.52,0.46,0.17,0.50,0.00,0.49,0.73,1
130,0.52,0.56,0.55,0.16,0.50,0.00,0.53,0.39,1
437,0.53,0.48,0.51,0.18,0.50,0.00,0.52,0.27,1
438,0.51,0.48,0.51,0.19,0.50,0.00,0.51,0.27,1
439,0.51,0.48,0.51,0.26,0.50,0.00,0.51,0.27,1
440,0.53,0.48,0.51,0.18,0.50,0.00,0.51,0.27,1
441,0.60,0.46,0.51,0.10,0.50,0.00,0.48,0.31,1
442,0.60,0.46,0.51,0.10,0.50,0.00,0.48,0.31,1
1150,0.44,0.39,0.63,0.11,0.50,0.00,0.49,0.26,0
443,0.51,0.50,0.49,0.45,0.50,0.00,0.48,0.22,0
1151,0.45,0.45,0.51,0.30,0.50,0.00,0.48,0.44,1
859,0.38,0.42,0.47,0.12,0.50,0.00,0.47,0.53,0
1152,0.19,0.66,0.60,0.14,0.50,0.00,0.20,0.25,0
1153,0.41,0.42,0.23,0.16,0.50,0.00,0.40,0.22,0
1154,0.25,0.42,0.21,0.14,0.50,0.00,0.41,0.22,0
1027,0.70,0.58,0.53,0.39,0.50,0.00,0.59,0.22,0
1030,0.49,0.31,0.43,0.24,0.50,0.00,0.54,0.22,0
1155,0.46,0.41,0.43,0.18,0.50,0.00,0.54,0.22,0
49,0.83,0.81,0.45,0.38,0.50,0.00,0.40,0.26,0
1156,0.38,0.51,0.56,0.21,0.50,0.00,0.48,0.31,0
247,0.32,0.36,0.28,0.38,0.50,0.00,0.50,0.40,0
1157,0.40,0.65,0.38,0.17,0.50,0.00,0.57,0.22,0
371,0.36,0.37,0.63,0.25,0.50,0.00,0.30,0.22,1
1159,0.49,0.55,0.41,0.19,0.50,0.00,0.48,0.31,0
1158,0.30,0.45,0.55,0.19,0.50,0.00,0.53,0.40,1
1160,0.88,0.72,0.32,0.30,0.50,0.00,0.52,0.33,0
370,0.44,0.40,0.53,0.19,0.50,0.00,0.48,0.27,1
1161,0.45,0.57,0.52,0.21,0.50,0.00,0.54,0.38,0
1162,0.46,0.61,0.38,0.35,0.50,0.00,0.49,0.22,0
1163,0.55,0.41,0.67,0.61,0.50,0.00,0.49,0.14,0
1164,0.28,0.18,0.72,0.26,0.50,0.00,0.49,0.25,0
1165,0.66,0.65,0.53,0.17,0.50,0.00,0.47,0.66,0
1166,0.36,0.50,0.39,0.23,0.50,0.00,0.50,0.22,0
1167,0.48,0.54,0.56,0.29,0.50,0.00,0.51,0.43,0
1168,0.33,0.37,0.49,0.22,0.50,0.00,0.55,0.22,1
1169,0.58,0.43,0.32,0.11,0.50,0.00,0.49,0.22,0
1221,0.58,0.64,0.42,0.30,0.50,0.00,0.54,0.22,0
484,0.74,0.82,0.46,0.24,0.50,0.00,0.50,0.31,0
485,0.74,0.82,0.46,0.24,0.50,0.00,0.48,0.22,0
486,0.75,0.76,0.58,0.22,0.50,0.00,0.49,0.22,0
1170,0.58,0.37,0.58,0.16,0.50,0.00,0.51,0.22,0
1171,0.39,0.39,0.65,0.16,0.50,0.00,0.45,0.22,1
465,0.51,0.59,0.55,0.21,0.50,0.00,0.52,0.22,1
466,0.41,0.35,0.60,0.22,0.50,0.00,0.56,0.79,1
1172,0.43,0.28,0.41,0.32,0.50,0.00,0.52,0.22,0
1173,0.41,0.49,0.55,0.13,0.50,0.00,0.55,0.22,1
1174,0.23,0.29,0.46,0.00,0.50,0.00,0.43,0.31,1
1009,0.25,0.48,0.45,0.32,0.50,0.00,0.40,0.22,1
995,0.38,0.34,0.55,0.44,0.50,0.00,0.48,0.26,1
1175,0.61,0.54,0.54,0.38,0.50,0.00,0.54,0.29,0
32,0.48,0.17,0.37,0.33,0.50,0.00,0.44,0.36,0
1176,0.47,0.47,0.50,0.19,0.50,0.00,0.51,0.26,0
1177,0.55,0.38,0.52,0.16,0.50,0.00,0.49,0.64,0
1178,0.41,0.39,0.61,0.17,0.50,0.00,0.50,0.61,0
1179,0.41,0.56,0.53,0.16,0.50,0.00,0.55,0.26,0
701,0.78,0.73,0.27,0.28,0.50,0.00,0.56,0.22,0
1188,0.31,0.51,0.38,0.18,0.50,0.00,0.46,0.31,0
1207,0.63,0.64,0.49,0.20,0.50,0.00,0.52,0.25,1
1303,0.31,0.40,0.31,0.17,0.50,0.00,0.52,0.22,0
1212,0.44,0.65,0.49,0.16,0.50,0.00,0.48,0.31,0
922,0.48,0.44,0.46,0.37,0.50,0.00,0.46,0.36,1
1213,0.50,0.49,0.46,0.22,0.50,0.00,0.53,0.25,1
1216,0.62,0.42,0.47,0.16,0.50,0.00,0.52,0.22,1
1214,0.50,0.45,0.52,0.18,0.50,0.00,0.52,0.22,1
1217,0.59,0.51,0.47,0.21,0.50,0.00,0.47,0.22,1
1215,0.39,0.47,0.49,0.20,0.50,0.00,0.53,0.26,1
1218,0.49,0.48,0.52,0.24,0.50,0.00,0.50,0.22,1
353,0.59,0.48,0.49,0.42,0.50,0.00,0.52,0.22,1
354,0.57,0.35,0.50,0.43,0.50,0.00,0.53,0.22,1
355,0.61,0.52,0.50,0.44,0.50,0.00,0.53,0.22,1
1224,0.49,0.51,0.52,0.13,0.50,0.00,0.51,0.33,0
1220,0.45,0.40,0.56,0.15,0.50,0.00,0.52,0.22,0
294,0.63,0.43,0.48,0.11,0.50,0.00,0.51,0.22,1
296,0.52,0.45,0.53,0.34,0.50,0.00,0.52,0.44,1
297,0.54,0.48,0.55,0.33,0.50,0.00,0.55,0.40,1
1206,0.55,0.79,0.45,0.25,0.50,0.00,0.51,0.22,0
1425,0.58,0.51,0.63,0.20,0.50,0.00,0.50,0.42,0
1225,0.63,0.58,0.57,0.10,0.50,0.00,0.52,0.33,0
1226,0.54,0.67,0.56,0.15,0.50,0.00,0.57,0.33,0
1223,0.41,0.59,0.65,0.14,0.50,0.00,0.49,0.33,0
1227,0.47,0.38,0.50,0.15,0.50,0.00,0.49,0.47,0
1228,0.33,0.17,0.52,0.13,0.50,0.00,0.51,0.75,0
267,0.42,0.50,0.59,0.17,0.50,0.00,0.51,0.22,1
1233,0.54,0.55,0.55,0.40,0.50,0.00,0.53,0.22,1
1202,0.31,0.31,0.57,0.15,0.50,0.00,0.50,0.22,1
464,0.33,0.36,0.62,0.26,0.50,0.00,0.55,0.22,1
471,0.38,0.42,0.50,0.19,0.50,0.00,0.44,0.22,1
1234,0.47,0.56,0.58,0.19,0.50,0.00,0.44,0.64,1
469,0.32,0.32,0.52,0.18,0.50,0.00,0.48,0.34,1
470,0.28,0.27,0.50,0.14,0.50,0.00,0.50,0.28,1
475,0.41,0.46,0.57,0.25,0.50,0.00,0.57,0.38,1
474,0.44,0.54,0.51,0.16,0.50,0.00,0.58,0.22,1
473,0.44,0.55,0.51,0.16,0.50,0.00,0.60,0.22,1
1235,0.77,0.70,0.44,0.29,0.50,0.00,0.56,0.22,0
1245,0.40,0.56,0.53,0.15,0.50,0.00,0.49,0.22,1
1144,0.79,0.79,0.42,0.26,0.50,0.00,0.60,0.22,0
1145,0.80,0.83,0.43,0.24,0.50,0.00,0.54,0.22,0
1236,0.58,0.55,0.51,0.13,0.50,0.00,0.52,0.22,1
1237,0.55,0.69,0.51,0.12,0.50,0.00,0.51,0.22,1
1270,0.47,0.46,0.53,0.12,0.50,0.00,0.51,0.25,0
1239,0.57,0.29,0.63,0.22,0.50,0.00,0.49,0.27,0
1240,0.52,0.49,0.59,0.21,0.50,0.00,0.47,0.22,0
1241,0.41,0.42,0.53,0.17,0.50,0.00,0.48,0.58,0
1242,0.45,0.36,0.50,0.19,0.50,0.00,0.53,0.70,0
1243,0.53,0.51,0.54,0.21,0.50,0.00,0.45,0.22,0
1244,0.49,0.50,0.42,0.43,0.50,0.00,0.50,0.36,0
1246,0.44,0.49,0.49,0.27,0.50,0.00,0.52,0.22,1
504,0.25,0.26,0.53,0.17,0.50,0.00,0.45,0.22,1
505,0.49,0.46,0.54,0.18,0.50,0.00,0.35,0.22,1
506,0.42,0.37,0.54,0.17,0.50,0.00,0.51,0.22,1
1247,0.42,0.45,0.75,0.21,0.50,0.00,0.48,0.22,1
1248,0.39,0.45,0.75,0.17,0.50,0.00,0.51,0.22,1
1249,0.63,0.54,0.53,0.27,0.50,0.00,0.49,0.22,1
1250,0.54,0.43,0.48,0.27,0.50,0.00,0.44,0.41,1
1251,0.40,0.44,0.50,0.13,0.50,0.00,0.52,0.39,1
1254,0.55,0.39,0.39,0.47,0.50,0.00,0.50,0.83,0
1255,0.59,0.48,0.41,0.53,0.50,0.00,0.48,0.56,0
1257,0.49,0.38,0.49,0.15,0.50,0.00,0.53,0.25,0
1256,0.53,0.45,0.52,0.29,0.50,0.00,0.55,0.38,0
1260,0.62,0.60,0.54,0.22,0.50,0.00,0.54,0.27,1
1259,0.33,0.46,0.53,0.12,0.50,0.00,0.50,0.27,1
1261,0.57,0.36,0.51,0.25,0.50,0.00,0.54,0.25,1
1258,0.45,0.76,0.51,0.25,0.50,0.00,0.59,0.22,1
1262,0.48,0.44,0.51,0.24,0.50,0.00,0.49,0.22,1
1263,0.59,0.64,0.44,0.26,0.50,0.00,0.50,0.22,1
1264,0.79,0.56,0.53,0.19,0.50,0.00,0.47,0.35,1
1265,0.50,0.50,0.48,0.34,0.50,0.00,0.52,0.27,0
1266,0.79,0.62,0.35,0.35,0.50,0.00,0.60,0.28,0
390,0.52,0.50,0.60,0.20,0.50,0.00,0.52,0.22,1
1209,0.59,0.46,0.57,0.17,0.50,0.00,0.52,0.22,1
1211,0.53,0.42,0.53,0.19,0.50,0.00,0.47,0.22,1
1210,0.59,0.46,0.55,0.17,0.50,0.00,0.52,0.25,1
302,0.61,0.73,0.50,0.58,0.50,0.00,0.50,0.22,0
1267,0.50,0.43,0.56,0.17,0.50,0.00,0.35,0.22,0
1268,0.36,0.52,0.61,0.33,0.50,0.00,0.52,0.37,0
1269,0.66,0.54,0.53,0.17,0.50,0.00,0.54,0.22,1
1271,0.52,0.51,0.48,0.12,0.50,0.00,0.54,0.31,1
1272,0.56,0.46,0.51,0.25,0.50,0.00,0.54,0.22,1
1275,0.47,0.46,0.49,0.27,0.50,0.00,0.59,0.22,1
1276,0.50,0.46,0.49,0.27,0.50,0.00,0.60,0.22,1
1277,0.43,0.48,0.36,0.26,0.50,0.00,0.52,0.22,0
1278,0.50,0.44,0.57,0.28,0.50,0.00,0.57,0.22,1
1280,0.46,0.47,0.62,0.30,0.50,0.00,0.38,0.22,1
1281,0.59,0.70,0.46,0.19,0.50,0.00,0.54,0.44,1
1282,0.19,0.41,0.55,0.13,0.50,0.00,0.52,0.25,1
1283,0.27,0.43,0.50,0.13,0.50,0.00,0.54,0.31,1
1284,0.42,0.46,0.44,0.17,0.50,0.00,0.51,0.42,1
1293,0.49,0.36,0.47,0.28,0.50,0.00,0.56,0.54,0
1294,0.42,0.51,0.33,0.16,0.50,0.00,0.54,0.22,0
1297,0.34,0.42,0.48,0.19,0.50,0.00,0.46,0.31,0
1298,0.60,0.57,0.63,0.22,0.50,0.00,0.50,0.49,0
1300,0.53,0.44,0.54,0.52,0.50,0.00,0.49,0.38,0
828,0.48,0.39,0.56,0.23,0.50,0.00,0.60,0.22,1
827,0.56,0.49,0.47,0.13,0.50,0.00,0.52,0.22,0
1299,0.47,0.59,0.56,0.09,0.50,0.00,0.50,0.22,1
911,0.40,0.28,0.58,0.44,0.50,0.00,0.41,0.22,1
1013,0.54,0.35,0.55,0.19,0.50,0.00,0.30,0.22,1
1301,0.50,0.47,0.45,0.14,0.50,0.00,0.53,0.32,0
1379,0.55,0.49,0.60,0.18,0.50,0.00,0.51,0.22,0
1302,0.55,0.44,0.50,0.09,0.50,0.00,0.55,0.22,0
956,0.66,0.37,0.60,0.25,0.50,0.00,0.69,0.22,0
1204,0.51,0.49,0.48,0.55,0.50,0.00,0.52,0.58,1
1304,0.36,0.51,0.51,0.17,0.50,0.00,0.52,0.22,0
1312,0.68,0.68,0.35,0.16,0.50,0.00,0.62,0.22,0
1305,0.44,0.35,0.55,0.14,0.50,0.00,0.52,0.22,0
1310,0.73,0.59,0.35,0.15,0.50,0.00,0.54,0.22,0
1308,0.60,0.37,0.52,0.15,0.50,0.00,0.55,0.26,0
1306,0.64,0.61,0.56,0.15,0.50,0.00,0.54,0.22,0
1311,0.48,0.58,0.58,0.12,0.50,0.00,0.49,0.22,0
1309,0.65,0.58,0.53,0.21,0.50,0.00,0.51,0.22,0
1307,0.48,0.49,0.49,0.26,0.50,0.00,0.39,0.27,0
1319,0.57,0.54,0.32,0.15,0.50,0.00,0.52,0.25,0
1313,0.40,0.36,0.32,0.16,0.50,0.00,0.51,0.27,0
1320,0.50,0.55,0.52,0.16,0.50,0.00,0.51,0.31,1
1314,0.65,0.63,0.47,0.22,0.50,0.00,0.52,0.27,1
1315,0.41,0.48,0.51,0.20,0.50,0.00,0.51,0.22,1
1316,0.25,0.40,0.54,0.16,0.50,0.00,0.43,0.22,1
1454,0.63,0.56,0.52,0.21,0.50,0.00,0.50,0.22,1
1091,0.56,0.68,0.42,0.36,0.50,0.00,0.49,0.22,1
1317,0.57,0.47,0.48,0.17,0.50,0.00,0.52,0.26,0
1318,0.46,0.52,0.51,0.13,0.50,0.00,0.47,0.22,1
1321,0.50,0.40,0.57,0.17,0.50,0.00,0.59,0.22,1
700,0.78,0.71,0.35,0.25,0.50,0.00,0.49,0.22,0
1322,0.64,0.56,0.52,0.17,0.50,0.00,0.54,0.47,0
1323,1.00,0.80,0.29,0.36,0.50,0.00,0.52,0.22,0
1324,0.51,0.39,0.56,0.55,0.50,0.00,0.46,0.64,0
1325,0.69,0.66,0.36,0.09,0.50,0.00,0.56,0.22,0
1326,0.40,0.45,0.45,0.15,0.50,0.00,0.53,0.48,0
1327,0.49,0.53,0.36,0.15,0.50,0.00,0.52,0.27,0
1328,0.39,0.63,0.41,0.27,0.50,0.00,0.49,0.22,0
1329,0.45,0.51,0.43,0.22,0.50,0.00,0.57,0.22,0
1330,0.77,0.78,0.27,0.37,0.50,0.00,0.49,0.22,0
1331,0.88,0.75,0.41,0.36,0.50,0.00,0.43,0.22,0
1332,0.49,0.49,0.40,0.20,0.50,0.00,0.48,0.26,0
717,0.57,0.53,0.60,0.28,0.50,0.00,0.52,0.45,0
52,0.53,0.52,0.49,0.27,0.50,0.00,0.51,0.22,1
53,0.50,0.47,0.56,0.31,0.50,0.00,0.56,0.26,1
1333,0.71,0.79,0.41,0.38,0.50,0.00,0.54,0.22,0
54,0.33,0.49,0.46,0.22,0.50,0.00,0.53,0.33,0
24,0.47,0.41,0.46,0.18,0.50,0.00,0.53,0.22,0
118,0.45,0.39,0.46,0.29,0.50,0.00,0.42,0.22,0
341,0.59,0.56,0.50,0.48,0.50,0.00,0.46,0.22,0
1347,0.32,0.30,0.57,0.38,0.50,0.00,0.50,0.25,0
1349,0.26,0.30,0.37,0.15,0.50,0.00,0.53,0.25,0
1350,0.28,0.41,0.46,0.18,0.50,0.00,0.47,0.39,0
1351,0.45,0.50,0.43,0.16,0.50,0.00,0.52,0.28,0
921,0.24,0.25,0.57,0.28,0.50,0.00,0.51,0.11,1
619,0.46,0.61,0.55,0.29,0.50,0.00,0.49,0.22,0
1353,0.54,0.44,0.38,0.22,0.50,0.00,0.54,0.30,0
1354,0.22,0.53,0.36,0.22,0.50,0.00,0.54,0.31,0
1334,0.25,0.41,0.47,0.14,0.50,0.00,0.56,0.68,0
1335,0.43,0.41,0.37,0.18,0.50,0.00,0.54,0.31,0
1336,0.40,0.44,0.47,0.25,0.50,0.00,0.54,0.56,0
1337,0.46,0.59,0.38,0.12,0.50,0.00,0.50,0.22,0
1338,0.80,0.82,0.40,0.31,0.50,0.00,0.57,0.25,0
1339,0.29,0.39,0.46,0.36,0.50,0.00,0.51,0.22,0
1341,0.40,0.40,0.43,0.19,0.50,0.83,0.48,0.22,0
1342,0.57,0.52,0.46,0.20,0.50,0.83,0.52,0.41,0
1346,0.43,0.60,0.40,0.12,0.50,0.00,0.49,0.29,0
1343,0.56,0.71,0.47,0.21,0.50,0.00,0.52,0.22,0
1344,0.65,0.62,0.26,0.33,0.50,0.00,0.55,0.22,0
1345,0.77,0.70,0.37,0.12,0.50,0.00,0.49,0.26,0
1357,0.47,0.61,0.32,0.27,0.50,0.00,0.50,0.30,0
1360,0.71,0.51,0.49,0.23,0.50,0.00,0.30,0.32,0
1361,0.59,0.48,0.49,0.49,0.50,0.00,0.36,0.32,1
1355,0.58,0.63,0.52,0.70,0.50,0.00,0.46,0.22,0
1356,0.30,0.68,0.41,0.17,0.50,0.00,0.51,0.22,0
1358,0.74,0.73,0.32,0.20,0.50,0.00,0.55,0.22,0
1359,0.55,0.35,0.36,0.29,0.50,0.00,0.51,0.22,0
1362,0.35,0.32,0.31,0.16,0.50,0.00,0.56,0.22,0
1363,0.67,0.61,0.39,0.24,0.50,0.00,0.51,0.22,0
1364,0.69,0.57,0.39,0.19,0.50,0.00,0.48,0.39,0
1198,0.47,0.41,0.53,0.27,0.50,0.00,0.47,0.25,0
1365,0.39,0.56,0.34,0.18,0.50,0.00,0.49,0.22,0
1366,0.51,0.38,0.42,0.21,0.50,0.00,0.46,0.34,0
1368,0.32,0.45,0.39,0.14,0.50,0.00,0.45,0.22,0
1369,0.75,0.73,0.35,0.33,0.50,0.00,0.49,0.28,0
1370,0.54,0.54,0.56,0.18,0.50,0.00,0.46,0.29,0
1371,0.71,0.64,0.42,0.28,0.50,0.00,0.43,0.22,0
1372,0.28,0.48,0.36,0.16,0.50,0.00,0.53,0.22,0
1373,0.58,0.44,0.45,0.32,0.50,0.00,0.52,0.37,0
1374,0.52,0.65,0.36,0.26,0.50,0.00,0.44,0.22,0
570,0.64,0.44,0.56,0.15,0.50,0.00,0.56,0.22,1
299,0.48,0.58,0.47,0.17,0.50,0.00,0.53,0.74,1
1377,0.42,0.71,0.45,0.15,0.50,0.00,0.48,0.22,0
1378,0.38,0.37,0.36,0.14,0.50,0.00,0.54,0.22,0
1376,0.40,0.40,0.44,0.37,0.50,0.00,0.53,0.25,0
1381,0.38,0.56,0.38,0.16,0.50,0.00,0.53,0.22,0
1382,0.80,0.79,0.43,0.25,0.50,0.00,0.52,0.22,0
1383,0.63,0.65,0.42,0.18,0.50,0.00,0.54,0.27,0
1384,0.47,0.40,0.63,0.19,0.50,0.00,0.52,0.32,0
1385,0.83,0.94,0.32,0.21,0.50,0.00,0.51,0.22,0
1387,0.61,0.76,0.30,0.16,0.50,0.00,0.45,0.41,0
901,0.33,0.38,0.47,0.14,0.50,0.00,0.51,0.47,0
1388,0.38,0.67,0.33,0.17,0.50,0.00,0.51,0.22,0
1389,0.39,0.33,0.33,0.23,0.50,0.00,0.47,0.22,0
1390,0.50,0.63,0.45,0.13,0.50,0.00,0.45,0.32,0
1391,0.20,0.60,0.50,0.29,0.50,0.00,0.51,0.22,0
1392,0.29,0.26,0.43,0.17,0.50,0.00,0.55,0.30,0
1393,0.51,0.46,0.41,0.36,0.50,0.00,0.49,0.22,0
1394,0.92,0.66,0.52,0.23,0.50,0.00,0.53,0.22,0
1395,0.49,0.56,0.37,0.20,0.50,0.00,0.53,0.22,0
1396,0.86,0.78,0.34,0.15,0.50,0.00,0.53,0.22,0
1397,0.38,0.44,0.57,0.14,0.50,0.00,0.53,0.52,0
1398,0.72,0.73,0.41,0.28,0.50,0.00,0.44,0.22,0
1399,0.80,0.73,0.47,0.19,0.50,0.00,0.49,0.22,0
1401,0.49,0.55,0.35,0.23,0.50,0.00,0.57,0.22,0
1402,0.63,0.71,0.44,0.53,0.50,0.00,0.52,0.22,0
1403,0.60,0.68,0.30,0.27,0.50,0.00,0.55,0.22,0
1404,0.40,0.43,0.49,0.17,0.50,0.00,0.51,0.36,0
1405,0.82,0.63,0.47,0.18,0.50,0.00,0.50,0.22,0
1406,0.77,0.68,0.35,0.19,0.50,0.00,0.53,0.43,0
1407,0.51,0.59,0.46,0.13,0.50,0.00,0.48,0.22,0
1408,0.52,0.46,0.34,0.20,0.50,0.00,0.51,0.25,0
1409,0.47,0.50,0.60,0.63,0.50,0.00,0.38,0.16,1
1410,0.34,0.24,0.51,0.15,0.50,0.00,0.54,0.40,0
1411,0.35,0.29,0.46,0.14,0.50,0.00,0.54,0.66,0
1412,0.58,0.67,0.49,0.16,0.50,0.00,0.47,0.28,0
1414,0.85,0.85,0.30,0.31,0.50,0.00,0.55,0.42,0
1435,0.36,0.48,0.61,0.26,0.50,0.00,0.50,0.16,0
1429,0.41,0.25,0.59,0.44,0.50,0.00,0.60,0.69,0
1430,0.30,0.37,0.40,0.45,0.50,0.00,0.48,0.41,0
569,0.57,0.59,0.49,0.86,0.50,0.00,0.47,0.22,0
1431,0.38,0.40,0.39,0.19,0.50,0.00,0.46,0.62,0
1432,0.77,0.74,0.37,0.29,0.50,0.00,0.45,0.22,0
1219,0.47,0.38,0.58,0.19,0.50,0.00,0.57,0.22,1
753,0.50,0.61,0.44,0.20,0.50,0.00,0.49,0.22,0
1436,0.41,0.45,0.46,0.23,0.50,0.00,0.50,0.70,1
1437,0.46,0.62,0.46,0.54,0.50,0.00,0.51,0.27,0
1438,0.74,0.75,0.45,0.44,0.50,0.00,0.52,0.22,0
16,0.52,0.53,0.58,0.69,0.50,0.00,0.50,0.22,0
1440,0.41,0.47,0.50,0.14,0.50,0.00,0.53,0.37,0
1441,0.25,0.40,0.52,0.15,0.50,0.00,0.56,0.28,0
1426,0.58,0.56,0.38,0.39,0.50,0.00,0.54,0.57,0
1428,0.32,0.29,0.29,0.08,0.50,0.00,0.52,0.22,0
903,0.38,0.48,0.57,0.30,0.50,0.00,0.41,0.11,1
1443,0.39,0.58,0.47,0.18,0.50,0.00,0.48,0.22,0
1444,0.38,0.47,0.47,0.18,0.50,0.00,0.44,0.26,0
1446,0.63,0.57,0.50,0.48,0.50,0.00,0.51,0.22,0
958,0.51,0.45,0.62,0.25,0.50,0.00,0.59,0.22,0
1453,0.59,0.67,0.54,0.19,0.50,0.00,0.48,0.60,0
1457,0.60,0.61,0.54,0.11,0.50,0.00,0.46,0.22,1
1455,0.48,0.61,0.57,0.17,0.50,0.00,0.45,0.22,1
1456,0.71,0.50,0.50,0.18,0.50,0.00,0.46,0.22,1
1458,0.61,0.48,0.54,0.25,0.50,0.00,0.50,0.22,1
849,0.38,0.32,0.64,0.41,0.50,0.00,0.44,0.11,1
850,0.38,0.40,0.66,0.35,0.50,0.00,0.43,0.11,1
1459,0.81,0.62,0.43,0.17,0.50,0.00,0.53,0.22,0
1460,0.47,0.43,0.61,0.40,0.50,0.00,0.48,0.47,0
1461,0.67,0.57,0.36,0.19,0.50,0.00,0.56,0.22,0
1462,0.43,0.40,0.60,0.16,0.50,0.00,0.53,0.39,0
356,0.65,0.54,0.54,0.13,0.50,0.00,0.53,0.22,1
